5.661034584045410156e-01 5.749382078647613525e-02 3.405801653861999512e-01
9.045507907867431641e-01 4.672585055232048035e-02 5.850602686405181885e-02
-8.008791804313659668e-01 -3.040940761566162109e-01 -2.507926225662231445e-01
-6.784994006156921387e-01 -5.676789283752441406e-01 5.176867246627807617e-01
-7.801053524017333984e-01 -5.499142408370971680e-01 -1.775748431682586670e-01
-8.376824855804443359e-01 -3.991707265377044678e-01 -1.547855436801910400e-01
8.349025249481201172e-01 -5.419158339500427246e-01 2.252590209245681763e-01
-1.482349783182144165e-01 6.709873676300048828e-02 -4.263908267021179199e-01
8.349025249481201172e-01 -5.419158339500427246e-01 2.252590209245681763e-01
5.703911185264587402e-01 -3.391854465007781982e-03 2.721000313758850098e-01
8.780690431594848633e-01 -6.830611079931259155e-02 2.532723546028137207e-01
-6.423745751380920410e-01 9.451317042112350464e-02 -2.882439196109771729e-01
6.877760887145996094e-01 7.615598291158676147e-02 -5.986275076866149902e-01
7.212139964103698730e-01 1.099517941474914551e-01 -4.689475297927856445e-01
-6.784994006156921387e-01 -5.676789283752441406e-01 5.176867246627807617e-01
8.349025249481201172e-01 -5.419158339500427246e-01 2.252590209245681763e-01
-9.021379947662353516e-01 8.849339932203292847e-02 -1.591050475835800171e-01
6.265918165445327759e-02 9.532993659377098083e-03 1.309906095266342163e-01
-5.910008549690246582e-01 7.832404226064682007e-02 5.139532089233398438e-01
4.983616247773170471e-02 8.785749971866607666e-02 -3.739419877529144287e-01
-3.970609605312347412e-01 9.214013814926147461e-02 1.368446946144104004e-01
-3.531160354614257812e-01 6.577232480049133301e-02 5.283144116401672363e-01
7.212139964103698730e-01 1.099517941474914551e-01 -4.689475297927856445e-01
-8.237795233726501465e-01 -2.074668556451797485e-01 -2.425493896007537842e-01
-9.021379947662353516e-01 8.849339932203292847e-02 -1.591050475835800171e-01
7.212139964103698730e-01 1.099517941474914551e-01 -4.689475297927856445e-01
-3.909982740879058838e-02 1.059649065136909485e-01 -3.712877035140991211e-01
-8.637294769287109375e-01 -1.343184858560562134e-01 -1.481706351041793823e-01
9.045507907867431641e-01 4.672585055232048035e-02 5.850602686405181885e-02
1.424353290349245071e-02 3.178995847702026367e-02 3.063347376883029938e-02
8.349025249481201172e-01 -5.419158339500427246e-01 2.252590209245681763e-01
7.734104394912719727e-01 -1.049755024723708630e-03 -5.968034863471984863e-01
9.045507907867431641e-01 4.672585055232048035e-02 5.850602686405181885e-02
6.714394688606262207e-01 -6.256976723670959473e-01 -4.421669840812683105e-01
8.349025249481201172e-01 -5.419158339500427246e-01 2.252590209245681763e-01
7.612488865852355957e-01 9.745255112648010254e-02 -2.844497859477996826e-01
8.349025249481201172e-01 -5.419158339500427246e-01 2.252590209245681763e-01
-7.168520092964172363e-01 2.149338461458683014e-02 6.280326247215270996e-01
9.045507907867431641e-01 4.672585055232048035e-02 5.850602686405181885e-02
8.349025249481201172e-01 -5.419158339500427246e-01 2.252590209245681763e-01
-6.784994006156921387e-01 -5.676789283752441406e-01 5.176867246627807617e-01
-9.021379947662353516e-01 8.849339932203292847e-02 -1.591050475835800171e-01
-2.494557201862335205e-01 1.084001213312149048e-01 -3.466295301914215088e-01
6.502407789230346680e-01 -5.639991760253906250e-01 -5.055819749832153320e-01
8.974820375442504883e-02 3.791866078972816467e-02 4.847453832626342773e-01
-9.021379947662353516e-01 8.849339932203292847e-02 -1.591050475835800171e-01
-8.284946680068969727e-01 -2.224871665239334106e-01 -1.545179486274719238e-01
8.349025249481201172e-01 -5.419158339500427246e-01 2.252590209245681763e-01
5.912237167358398438e-01 -4.750376939773559570e-01 -4.724620282649993896e-01
-6.378670930862426758e-01 -2.202505022287368774e-01 5.446596741676330566e-01
7.212139964103698730e-01 1.099517941474914551e-01 -4.689475297927856445e-01
-1.204183232039213181e-02 6.505255401134490967e-02 -4.006307125091552734e-01
-3.909982740879058838e-02 1.059649065136909485e-01 -3.712877035140991211e-01
7.203461527824401855e-01 4.952500760555267334e-02 -5.936722755432128906e-01
8.349025249481201172e-01 -5.419158339500427246e-01 2.252590209245681763e-01
6.714394688606262207e-01 -6.256976723670959473e-01 -4.421669840812683105e-01
-8.356578946113586426e-01 -4.504135847091674805e-01 -1.726884990930557251e-01
6.714394688606262207e-01 -6.256976723670959473e-01 -4.421669840812683105e-01
9.034794569015502930e-01 2.427960978820919991e-03 2.808755040168762207e-01
-9.034468531608581543e-01 3.937606886029243469e-02 -1.975880116224288940e-01
-6.784994006156921387e-01 -5.676789283752441406e-01 5.176867246627807617e-01
-5.494045019149780273e-01 5.715116113424301147e-02 6.244238615036010742e-01
-9.021379947662353516e-01 8.849339932203292847e-02 -1.591050475835800171e-01
-8.739711642265319824e-01 3.747133910655975342e-02 1.450842339545488358e-02
-7.168520092964172363e-01 2.149338461458683014e-02 6.280326247215270996e-01
-3.642838001251220703e-01 9.895689785480499268e-02 2.241421043872833252e-01
-7.977807521820068359e-01 3.935664147138595581e-02 4.135695695877075195e-01
-4.134226962924003601e-02 7.110605388879776001e-02 5.325966328382492065e-02
-6.784994006156921387e-01 -5.676789283752441406e-01 5.176867246627807617e-01
1.740219630300998688e-02 2.288265898823738098e-02 1.243400722742080688e-01
8.349025249481201172e-01 -5.419158339500427246e-01 2.252590209245681763e-01
5.036624521017074585e-02 7.819558680057525635e-02 4.963709115982055664e-01
-9.021379947662353516e-01 8.849339932203292847e-02 -1.591050475835800171e-01
6.714394688606262207e-01 -6.256976723670959473e-01 -4.421669840812683105e-01
-2.777899987995624542e-02 -1.109825819730758667e-02 -3.230984210968017578e-01
6.714394688606262207e-01 -6.256976723670959473e-01 -4.421669840812683105e-01
-3.909982740879058838e-02 1.059649065136909485e-01 -3.712877035140991211e-01
-3.570329770445823669e-02 5.949161946773529053e-02 -4.289450943470001221e-01
-6.784994006156921387e-01 -5.676789283752441406e-01 5.176867246627807617e-01
9.144313931465148926e-01 5.803870409727096558e-02 2.668516635894775391e-01
1.740219630300998688e-02 2.288265898823738098e-02 1.243400722742080688e-01
7.212139964103698730e-01 1.099517941474914551e-01 -4.689475297927856445e-01
1.152401715517044067e-01 8.028378337621688843e-02 4.057993292808532715e-01
-6.784994006156921387e-01 -5.676789283752441406e-01 5.176867246627807617e-01
8.349025249481201172e-01 -5.419158339500427246e-01 2.252590209245681763e-01
-3.909982740879058838e-02 1.059649065136909485e-01 -3.712877035140991211e-01
7.203461527824401855e-01 4.952500760555267334e-02 -5.936722755432128906e-01
-8.739711642265319824e-01 3.747133910655975342e-02 1.450842339545488358e-02
-8.376824855804443359e-01 -3.991707265377044678e-01 -1.547855436801910400e-01
6.714394688606262207e-01 -6.256976723670959473e-01 -4.421669840812683105e-01
6.877760887145996094e-01 7.615598291158676147e-02 -5.986275076866149902e-01
8.349025249481201172e-01 -5.419158339500427246e-01 2.252590209245681763e-01
-6.784994006156921387e-01 -5.676789283752441406e-01 5.176867246627807617e-01
5.036624521017074585e-02 7.819558680057525635e-02 4.963709115982055664e-01
-3.909982740879058838e-02 1.059649065136909485e-01 -3.712877035140991211e-01
-9.021379947662353516e-01 8.849339932203292847e-02 -1.591050475835800171e-01
4.452565908432006836e-01 9.453111886978149414e-02 -4.372589290142059326e-01
7.212139964103698730e-01 1.099517941474914551e-01 -4.689475297927856445e-01
1.045382581651210785e-02 6.168511882424354553e-02 -4.036069512367248535e-01
-7.344764471054077148e-01 8.401632308959960938e-02 3.326465785503387451e-01
-6.784994006156921387e-01 -5.676789283752441406e-01 5.176867246627807617e-01
6.714394688606262207e-01 -6.256976723670959473e-01 -4.421669840812683105e-01
6.253863871097564697e-02 7.051010429859161377e-02 2.880776226520538330e-01
8.349025249481201172e-01 -5.419158339500427246e-01 2.252590209245681763e-01
-9.021379947662353516e-01 8.849339932203292847e-02 -1.591050475835800171e-01
-7.168520092964172363e-01 2.149338461458683014e-02 6.280326247215270996e-01
-6.784994006156921387e-01 -5.676789283752441406e-01 5.176867246627807617e-01
6.714394688606262207e-01 -6.256976723670959473e-01 -4.421669840812683105e-01
6.819139122962951660e-01 -5.167630314826965332e-01 -5.074533820152282715e-01
-3.568949177861213684e-02 8.048251271247863770e-02 -4.277935326099395752e-01
8.349025249481201172e-01 -5.419158339500427246e-01 2.252590209245681763e-01
7.734104394912719727e-01 -1.049755024723708630e-03 -5.968034863471984863e-01
-8.356578946113586426e-01 -4.504135847091674805e-01 -1.726884990930557251e-01
7.684890627861022949e-01 -5.150329470634460449e-01 1.878644526004791260e-01
8.349025249481201172e-01 -5.419158339500427246e-01 2.252590209245681763e-01
6.714394688606262207e-01 -6.256976723670959473e-01 -4.421669840812683105e-01
-8.376824855804443359e-01 -3.991707265377044678e-01 -1.547855436801910400e-01
4.987425804138183594e-01 7.383605837821960449e-02 -1.471573710441589355e-01
6.432217955589294434e-01 1.022923141717910767e-01 -2.285012751817703247e-01
8.472911119461059570e-01 9.981244802474975586e-02 1.202829331159591675e-01
-8.237795233726501465e-01 -2.074668556451797485e-01 -2.425493896007537842e-01
-9.021379947662353516e-01 8.849339932203292847e-02 -1.591050475835800171e-01
-9.021379947662353516e-01 8.849339932203292847e-02 -1.591050475835800171e-01
-6.423745751380920410e-01 9.451317042112350464e-02 -2.882439196109771729e-01
-6.784994006156921387e-01 -5.676789283752441406e-01 5.176867246627807617e-01
7.684206962585449219e-01 -4.770607501268386841e-02 2.663269042968750000e-01
-5.834261775016784668e-01 -5.081876516342163086e-01 5.525286197662353516e-01
-6.784994006156921387e-01 -5.676789283752441406e-01 5.176867246627807617e-01
-3.909982740879058838e-02 1.059649065136909485e-01 -3.712877035140991211e-01
7.670423984527587891e-01 -3.548019230365753174e-01 2.703610658645629883e-01
-1.458411216735839844e-01 7.056979835033416748e-02 3.936575651168823242e-01
6.714394688606262207e-01 -6.256976723670959473e-01 -4.421669840812683105e-01
7.037973999977111816e-01 -1.958947032690048218e-01 -5.198240876197814941e-01
-3.568949177861213684e-02 8.048251271247863770e-02 -4.277935326099395752e-01
8.349025249481201172e-01 -5.419158339500427246e-01 2.252590209245681763e-01
7.950693964958190918e-01 8.908694237470626831e-02 -3.349363505840301514e-01
-6.784994006156921387e-01 -5.676789283752441406e-01 5.176867246627807617e-01
9.144313931465148926e-01 5.803870409727096558e-02 2.668516635894775391e-01
9.045507907867431641e-01 4.672585055232048035e-02 5.850602686405181885e-02
9.045507907867431641e-01 4.672585055232048035e-02 5.850602686405181885e-02
7.212139964103698730e-01 1.099517941474914551e-01 -4.689475297927856445e-01
-1.674797236919403076e-01 7.758094370365142822e-02 -3.780326843261718750e-01
8.349025249481201172e-01 -5.419158339500427246e-01 2.252590209245681763e-01
7.922738194465637207e-01 7.922900468111038208e-02 3.379693031311035156e-01
-7.082806229591369629e-01 -4.140849411487579346e-01 5.438377261161804199e-01
8.349025249481201172e-01 -5.419158339500427246e-01 2.252590209245681763e-01
7.997972965240478516e-01 -4.446950554847717285e-02 1.843466311693191528e-01
1.900316327810287476e-01 6.725607812404632568e-02 -5.085296034812927246e-01
4.983616247773170471e-02 8.785749971866607666e-02 -3.739419877529144287e-01
-3.049460053443908691e-01 -5.451797693967819214e-02 4.737465977668762207e-01
8.349025249481201172e-01 -5.419158339500427246e-01 2.252590209245681763e-01
-8.008791804313659668e-01 -3.040940761566162109e-01 -2.507926225662231445e-01
-7.082806229591369629e-01 -4.140849411487579346e-01 5.438377261161804199e-01
-6.784994006156921387e-01 -5.676789283752441406e-01 5.176867246627807617e-01
-2.494557201862335205e-01 1.084001213312149048e-01 -3.466295301914215088e-01
5.036624521017074585e-02 7.819558680057525635e-02 4.963709115982055664e-01
8.080801963806152344e-01 8.330808579921722412e-02 -2.201774269342422485e-01
6.714394688606262207e-01 -6.256976723670959473e-01 -4.421669840812683105e-01
-6.784994006156921387e-01 -5.676789283752441406e-01 5.176867246627807617e-01
-5.273525714874267578e-01 1.034249588847160339e-01 -3.248435556888580322e-01
6.432217955589294434e-01 1.022923141717910767e-01 -2.285012751817703247e-01
-5.834261775016784668e-01 -5.081876516342163086e-01 5.525286197662353516e-01
-8.356578946113586426e-01 -4.504135847091674805e-01 -1.726884990930557251e-01
8.349025249481201172e-01 -5.419158339500427246e-01 2.252590209245681763e-01
7.212139964103698730e-01 1.099517941474914551e-01 -4.689475297927856445e-01
3.220880776643753052e-02 5.962610617280006409e-02 3.083589673042297363e-01
7.734104394912719727e-01 -1.049755024723708630e-03 -5.968034863471984863e-01
8.349025249481201172e-01 -5.419158339500427246e-01 2.252590209245681763e-01
4.102039635181427002e-01 -7.234635204076766968e-02 3.290071785449981689e-01
-6.784994006156921387e-01 -5.676789283752441406e-01 5.176867246627807617e-01
8.349025249481201172e-01 -5.419158339500427246e-01 2.252590209245681763e-01
8.121865391731262207e-01 8.650696277618408203e-02 -2.594227790832519531e-01
-3.909982740879058838e-02 1.059649065136909485e-01 -3.712877035140991211e-01
-6.784994006156921387e-01 -5.676789283752441406e-01 5.176867246627807617e-01
7.684890627861022949e-01 -5.150329470634460449e-01 1.878644526004791260e-01
-6.414545774459838867e-01 -1.843774691224098206e-02 -2.225308716297149658e-01
-2.678796947002410889e-01 3.698427230119705200e-02 -4.048737883567810059e-01
5.912237167358398438e-01 -4.750376939773559570e-01 -4.724620282649993896e-01
8.349025249481201172e-01 -5.419158339500427246e-01 2.252590209245681763e-01
-9.021379947662353516e-01 8.849339932203292847e-02 -1.591050475835800171e-01
-5.834261775016784668e-01 -5.081876516342163086e-01 5.525286197662353516e-01
9.045507907867431641e-01 4.672585055232048035e-02 5.850602686405181885e-02
-7.082806229591369629e-01 -4.140849411487579346e-01 5.438377261161804199e-01
7.950693964958190918e-01 8.908694237470626831e-02 -3.349363505840301514e-01
-6.773244738578796387e-01 -4.040220007300376892e-02 6.133497953414916992e-01
-6.784994006156921387e-01 -5.676789283752441406e-01 5.176867246627807617e-01
9.144313931465148926e-01 5.803870409727096558e-02 2.668516635894775391e-01
-6.423745751380920410e-01 9.451317042112350464e-02 -2.882439196109771729e-01
-8.296973705291748047e-01 -3.586009442806243896e-01 -2.103177905082702637e-01
8.771510124206542969e-01 -3.709162175655364990e-01 2.303372621536254883e-01
-3.909982740879058838e-02 1.059649065136909485e-01 -3.712877035140991211e-01
-6.423745751380920410e-01 9.451317042112350464e-02 -2.882439196109771729e-01
-7.251434922218322754e-01 -2.445505559444427490e-01 5.224995613098144531e-01
-9.021379947662353516e-01 8.849339932203292847e-02 -1.591050475835800171e-01
6.714394688606262207e-01 -6.256976723670959473e-01 -4.421669840812683105e-01
-9.021379947662353516e-01 8.849339932203292847e-02 -1.591050475835800171e-01
6.714394688606262207e-01 -6.256976723670959473e-01 -4.421669840812683105e-01
-6.784994006156921387e-01 -5.676789283752441406e-01 5.176867246627807617e-01
7.968537807464599609e-01 9.439312666654586792e-02 2.799310982227325439e-01
8.349025249481201172e-01 -5.419158339500427246e-01 2.252590209245681763e-01
-8.356578946113586426e-01 -4.504135847091674805e-01 -1.726884990930557251e-01
1.740219630300998688e-02 2.288265898823738098e-02 1.243400722742080688e-01
-8.739711642265319824e-01 3.747133910655975342e-02 1.450842339545488358e-02
6.158648803830146790e-02 1.877696253359317780e-02 3.403822779655456543e-01
-3.544872105121612549e-01 -1.284920144826173782e-02 4.855652153491973877e-01
-9.021379947662353516e-01 8.849339932203292847e-02 -1.591050475835800171e-01
-4.084076266735792160e-03 -3.878117725253105164e-02 -3.371565043926239014e-01
-6.784994006156921387e-01 -5.676789283752441406e-01 5.176867246627807617e-01
1.446914672851562500e-01 9.149064123630523682e-02 2.182098925113677979e-01
-7.977807521820068359e-01 3.935664147138595581e-02 4.135695695877075195e-01
-9.021379947662353516e-01 8.849339932203292847e-02 -1.591050475835800171e-01
7.212139964103698730e-01 1.099517941474914551e-01 -4.689475297927856445e-01
-6.963033676147460938e-01 -1.125070899724960327e-01 4.743591845035552979e-01
7.734104394912719727e-01 -1.049755024723708630e-03 -5.968034863471984863e-01
2.514438703656196594e-02 4.211309552192687988e-02 1.679284423589706421e-01
9.034794569015502930e-01 2.427960978820919991e-03 2.808755040168762207e-01
9.045507907867431641e-01 4.672585055232048035e-02 5.850602686405181885e-02
1.045382581651210785e-02 6.168511882424354553e-02 -4.036069512367248535e-01
8.349025249481201172e-01 -5.419158339500427246e-01 2.252590209245681763e-01
7.734104394912719727e-01 -1.049755024723708630e-03 -5.968034863471984863e-01
8.349025249481201172e-01 -5.419158339500427246e-01 2.252590209245681763e-01
7.734104394912719727e-01 -1.049755024723708630e-03 -5.968034863471984863e-01
8.349025249481201172e-01 -5.419158339500427246e-01 2.252590209245681763e-01
-3.909982740879058838e-02 1.059649065136909485e-01 -3.712877035140991211e-01
-6.773244738578796387e-01 -4.040220007300376892e-02 6.133497953414916992e-01
9.144313931465148926e-01 5.803870409727096558e-02 2.668516635894775391e-01
-6.840202808380126953e-01 -2.608705163002014160e-01 5.425561666488647461e-01
-6.784994006156921387e-01 -5.676789283752441406e-01 5.176867246627807617e-01
8.349025249481201172e-01 -5.419158339500427246e-01 2.252590209245681763e-01
8.349025249481201172e-01 -5.419158339500427246e-01 2.252590209245681763e-01
-9.021379947662353516e-01 8.849339932203292847e-02 -1.591050475835800171e-01
5.838329717516899109e-02 9.365948289632797241e-02 2.935726344585418701e-01
-3.544872105121612549e-01 -1.284920144826173782e-02 4.855652153491973877e-01
-8.908628821372985840e-01 3.202099353075027466e-02 -1.060282215476036072e-01
-2.008879333734512329e-01 6.973174959421157837e-02 -4.293079972267150879e-01
8.349025249481201172e-01 -5.419158339500427246e-01 2.252590209245681763e-01
-6.784994006156921387e-01 -5.676789283752441406e-01 5.176867246627807617e-01
-1.204183232039213181e-02 6.505255401134490967e-02 -4.006307125091552734e-01
-6.784994006156921387e-01 -5.676789283752441406e-01 5.176867246627807617e-01
7.083150744438171387e-01 -2.300077527761459351e-01 -5.180050730705261230e-01
9.045507907867431641e-01 4.672585055232048035e-02 5.850602686405181885e-02
8.349025249481201172e-01 -5.419158339500427246e-01 2.252590209245681763e-01
-6.784994006156921387e-01 -5.676789283752441406e-01 5.176867246627807617e-01
8.349025249481201172e-01 -5.419158339500427246e-01 2.252590209245681763e-01
-6.784994006156921387e-01 -5.676789283752441406e-01 5.176867246627807617e-01
-1.025448963046073914e-01 7.042759656906127930e-02 -3.972218632698059082e-01
-1.482349783182144165e-01 6.709873676300048828e-02 -4.263908267021179199e-01
8.615589737892150879e-01 -1.867230236530303955e-01 2.047141343355178833e-01
-6.784994006156921387e-01 -5.676789283752441406e-01 5.176867246627807617e-01
-5.494045019149780273e-01 5.715116113424301147e-02 6.244238615036010742e-01
4.102039635181427002e-01 -7.234635204076766968e-02 3.290071785449981689e-01
6.714394688606262207e-01 -6.256976723670959473e-01 -4.421669840812683105e-01
8.349025249481201172e-01 -5.419158339500427246e-01 2.252590209245681763e-01
6.714394688606262207e-01 -6.256976723670959473e-01 -4.421669840812683105e-01
7.212139964103698730e-01 1.099517941474914551e-01 -4.689475297927856445e-01
7.212139964103698730e-01 1.099517941474914551e-01 -4.689475297927856445e-01
9.045507907867431641e-01 4.672585055232048035e-02 5.850602686405181885e-02
-7.977807521820068359e-01 3.935664147138595581e-02 4.135695695877075195e-01
5.703911185264587402e-01 -3.391854465007781982e-03 2.721000313758850098e-01
9.034794569015502930e-01 2.427960978820919991e-03 2.808755040168762207e-01
-7.977807521820068359e-01 3.935664147138595581e-02 4.135695695877075195e-01
-5.133448243141174316e-01 7.792619615793228149e-02 4.991705715656280518e-01
8.121865391731262207e-01 8.650696277618408203e-02 -2.594227790832519531e-01
7.212139964103698730e-01 1.099517941474914551e-01 -4.689475297927856445e-01
8.349025249481201172e-01 -5.419158339500427246e-01 2.252590209245681763e-01
8.349025249481201172e-01 -5.419158339500427246e-01 2.252590209245681763e-01
6.466850638389587402e-01 -4.311686158180236816e-01 -5.205671191215515137e-01
-8.908628821372985840e-01 3.202099353075027466e-02 -1.060282215476036072e-01
9.045507907867431641e-01 4.672585055232048035e-02 5.850602686405181885e-02
-6.784994006156921387e-01 -5.676789283752441406e-01 5.176867246627807617e-01
9.144313931465148926e-01 5.803870409727096558e-02 2.668516635894775391e-01
-3.909982740879058838e-02 1.059649065136909485e-01 -3.712877035140991211e-01
-7.801053524017333984e-01 -5.499142408370971680e-01 -1.775748431682586670e-01
8.349025249481201172e-01 -5.419158339500427246e-01 2.252590209245681763e-01
-7.977807521820068359e-01 3.935664147138595581e-02 4.135695695877075195e-01
-5.821254849433898926e-01 -1.139279156923294067e-01 5.645216107368469238e-01
7.414144277572631836e-01 -1.932622790336608887e-01 2.264508008956909180e-01
-6.784994006156921387e-01 -5.676789283752441406e-01 5.176867246627807617e-01
-4.134226962924003601e-02 7.110605388879776001e-02 5.325966328382492065e-02
-7.082806229591369629e-01 -4.140849411487579346e-01 5.438377261161804199e-01
-6.784994006156921387e-01 -5.676789283752441406e-01 5.176867246627807617e-01
-9.021379947662353516e-01 8.849339932203292847e-02 -1.591050475835800171e-01
5.036624521017074585e-02 7.819558680057525635e-02 4.963709115982055664e-01
8.349025249481201172e-01 -5.419158339500427246e-01 2.252590209245681763e-01
8.349025249481201172e-01 -5.419158339500427246e-01 2.252590209245681763e-01
-8.145117759704589844e-01 1.076942384243011475e-01 -1.213494017720222473e-01
3.186835348606109619e-01 6.369595974683761597e-02 -4.769496023654937744e-01
-9.021379947662353516e-01 8.849339932203292847e-02 -1.591050475835800171e-01
9.045507907867431641e-01 4.672585055232048035e-02 5.850602686405181885e-02
-9.021379947662353516e-01 8.849339932203292847e-02 -1.591050475835800171e-01
6.714394688606262207e-01 -6.256976723670959473e-01 -4.421669840812683105e-01
8.349025249481201172e-01 -5.419158339500427246e-01 2.252590209245681763e-01
-6.784994006156921387e-01 -5.676789283752441406e-01 5.176867246627807617e-01
-6.784994006156921387e-01 -5.676789283752441406e-01 5.176867246627807617e-01
8.771510124206542969e-01 -3.709162175655364990e-01 2.303372621536254883e-01
1.740219630300998688e-02 2.288265898823738098e-02 1.243400722742080688e-01
-6.784994006156921387e-01 -5.676789283752441406e-01 5.176867246627807617e-01
7.212139964103698730e-01 1.099517941474914551e-01 -4.689475297927856445e-01
8.349025249481201172e-01 -5.419158339500427246e-01 2.252590209245681763e-01
-9.021379947662353516e-01 8.849339932203292847e-02 -1.591050475835800171e-01
6.714394688606262207e-01 -6.256976723670959473e-01 -4.421669840812683105e-01
-6.551231257617473602e-03 8.652175776660442352e-03 1.961762905120849609e-01
-1.579908728599548340e-01 8.764265477657318115e-02 -2.964551448822021484e-01
7.747960090637207031e-01 -2.115401439368724823e-02 2.446560859680175781e-01
9.144313931465148926e-01 5.803870409727096558e-02 2.668516635894775391e-01
8.472911119461059570e-01 9.981244802474975586e-02 1.202829331159591675e-01
8.349025249481201172e-01 -5.419158339500427246e-01 2.252590209245681763e-01
-4.570506513118743896e-01 -5.898323655128479004e-02 5.292472839355468750e-01
6.714394688606262207e-01 -6.256976723670959473e-01 -4.421669840812683105e-01
-1.482349783182144165e-01 6.709873676300048828e-02 -4.263908267021179199e-01
7.734104394912719727e-01 -1.049755024723708630e-03 -5.968034863471984863e-01
6.714394688606262207e-01 -6.256976723670959473e-01 -4.421669840812683105e-01
8.349025249481201172e-01 -5.419158339500427246e-01 2.252590209245681763e-01
-6.784994006156921387e-01 -5.676789283752441406e-01 5.176867246627807617e-01
-5.273525714874267578e-01 1.034249588847160339e-01 -3.248435556888580322e-01
9.144313931465148926e-01 5.803870409727096558e-02 2.668516635894775391e-01
7.950693964958190918e-01 8.908694237470626831e-02 -3.349363505840301514e-01
7.734104394912719727e-01 -1.049755024723708630e-03 -5.968034863471984863e-01
8.974820375442504883e-02 3.791866078972816467e-02 4.847453832626342773e-01
-6.784994006156921387e-01 -5.676789283752441406e-01 5.176867246627807617e-01
6.302014589309692383e-01 8.760226517915725708e-02 -5.298140048980712891e-01
7.203461527824401855e-01 4.952500760555267334e-02 -5.936722755432128906e-01
4.452565908432006836e-01 9.453111886978149414e-02 -4.372589290142059326e-01
-2.494557201862335205e-01 1.084001213312149048e-01 -3.466295301914215088e-01
-8.335524201393127441e-01 -3.930026590824127197e-01 -2.005935907363891602e-01
7.281485199928283691e-01 -1.064458489418029785e-01 -5.137659311294555664e-01
-7.168520092964172363e-01 2.149338461458683014e-02 6.280326247215270996e-01
-9.021379947662353516e-01 8.849339932203292847e-02 -1.591050475835800171e-01
9.045507907867431641e-01 4.672585055232048035e-02 5.850602686405181885e-02
-6.784994006156921387e-01 -5.676789283752441406e-01 5.176867246627807617e-01
-7.977807521820068359e-01 3.935664147138595581e-02 4.135695695877075195e-01
-5.273525714874267578e-01 1.034249588847160339e-01 -3.248435556888580322e-01
9.144313931465148926e-01 5.803870409727096558e-02 2.668516635894775391e-01
9.144313931465148926e-01 5.803870409727096558e-02 2.668516635894775391e-01
-7.082806229591369629e-01 -4.140849411487579346e-01 5.438377261161804199e-01
7.212139964103698730e-01 1.099517941474914551e-01 -4.689475297927856445e-01
8.349025249481201172e-01 -5.419158339500427246e-01 2.252590209245681763e-01
7.950693964958190918e-01 8.908694237470626831e-02 -3.349363505840301514e-01
8.349025249481201172e-01 -5.419158339500427246e-01 2.252590209245681763e-01
5.036624521017074585e-02 7.819558680057525635e-02 4.963709115982055664e-01
9.045507907867431641e-01 4.672585055232048035e-02 5.850602686405181885e-02
8.349025249481201172e-01 -5.419158339500427246e-01 2.252590209245681763e-01
2.906379103660583496e-02 2.787719666957855225e-02 4.250755310058593750e-01
-6.784994006156921387e-01 -5.676789283752441406e-01 5.176867246627807617e-01
9.034794569015502930e-01 2.427960978820919991e-03 2.808755040168762207e-01
6.092905402183532715e-01 -1.688641905784606934e-01 -4.995418787002563477e-01
8.349025249481201172e-01 -5.419158339500427246e-01 2.252590209245681763e-01
8.676539063453674316e-01 -2.718791365623474121e-01 2.227413952350616455e-01
8.349025249481201172e-01 -5.419158339500427246e-01 2.252590209245681763e-01
6.714394688606262207e-01 -6.256976723670959473e-01 -4.421669840812683105e-01
-6.784994006156921387e-01 -5.676789283752441406e-01 5.176867246627807617e-01
-1.183964982628822327e-01 -4.171856120228767395e-02 -3.290650248527526855e-01
-4.234504997730255127e-01 -4.409119114279747009e-02 4.591287672519683838e-01
1.392099261283874512e-01 3.199864178895950317e-02 5.024384260177612305e-01
-6.784994006156921387e-01 -5.676789283752441406e-01 5.176867246627807617e-01
8.349025249481201172e-01 -5.419158339500427246e-01 2.252590209245681763e-01
-8.812094330787658691e-01 5.749719962477684021e-02 -2.929474413394927979e-01
-8.145117759704589844e-01 1.076942384243011475e-01 -1.213494017720222473e-01
8.676539063453674316e-01 -2.718791365623474121e-01 2.227413952350616455e-01
8.349025249481201172e-01 -5.419158339500427246e-01 2.252590209245681763e-01
7.212139964103698730e-01 1.099517941474914551e-01 -4.689475297927856445e-01
-9.021379947662353516e-01 8.849339932203292847e-02 -1.591050475835800171e-01
8.472911119461059570e-01 9.981244802474975586e-02 1.202829331159591675e-01
-7.168520092964172363e-01 2.149338461458683014e-02 6.280326247215270996e-01
8.349025249481201172e-01 -5.419158339500427246e-01 2.252590209245681763e-01
7.950693964958190918e-01 8.908694237470626831e-02 -3.349363505840301514e-01
-6.266894936561584473e-01 -1.453088372945785522e-01 5.659094452857971191e-01
6.714394688606262207e-01 -6.256976723670959473e-01 -4.421669840812683105e-01
-8.908628821372985840e-01 3.202099353075027466e-02 -1.060282215476036072e-01
9.144313931465148926e-01 5.803870409727096558e-02 2.668516635894775391e-01
-1.131440401077270508e-01 6.973031163215637207e-02 -9.550477564334869385e-02
5.128595829010009766e-01 2.807124331593513489e-02 -5.736095905303955078e-01
-7.251434922218322754e-01 -2.445505559444427490e-01 5.224995613098144531e-01
-7.082806229591369629e-01 -4.140849411487579346e-01 5.438377261161804199e-01
7.950693964958190918e-01 8.908694237470626831e-02 -3.349363505840301514e-01
-8.376824855804443359e-01 -3.991707265377044678e-01 -1.547855436801910400e-01
6.964179128408432007e-02 8.458817005157470703e-02 1.155147328972816467e-01
8.349025249481201172e-01 -5.419158339500427246e-01 2.252590209245681763e-01
-3.909982740879058838e-02 1.059649065136909485e-01 -3.712877035140991211e-01
-8.908628821372985840e-01 3.202099353075027466e-02 -1.060282215476036072e-01
-5.834261775016784668e-01 -5.081876516342163086e-01 5.525286197662353516e-01
7.763070613145828247e-02 5.571383610367774963e-02 8.635386824607849121e-02
-6.784994006156921387e-01 -5.676789283752441406e-01 5.176867246627807617e-01
-1.482349783182144165e-01 6.709873676300048828e-02 -4.263908267021179199e-01
7.212139964103698730e-01 1.099517941474914551e-01 -4.689475297927856445e-01
8.349025249481201172e-01 -5.419158339500427246e-01 2.252590209245681763e-01
1.823177039623260498e-01 -2.703480422496795654e-02 -4.198933839797973633e-01
-1.387867927551269531e-01 4.499221593141555786e-02 5.474781394004821777e-01
5.299947857856750488e-01 5.255203694105148315e-02 -5.755293369293212891e-01
6.714394688606262207e-01 -6.256976723670959473e-01 -4.421669840812683105e-01
8.974820375442504883e-02 3.791866078972816467e-02 4.847453832626342773e-01
7.601168155670166016e-01 -1.685796380043029785e-01 2.266900688409805298e-01
-9.021379947662353516e-01 8.849339932203292847e-02 -1.591050475835800171e-01
-6.784994006156921387e-01 -5.676789283752441406e-01 5.176867246627807617e-01
7.212139964103698730e-01 1.099517941474914551e-01 -4.689475297927856445e-01
6.714394688606262207e-01 -6.256976723670959473e-01 -4.421669840812683105e-01
7.677718400955200195e-01 -7.485282421112060547e-02 1.912810057401657104e-01
8.349025249481201172e-01 -5.419158339500427246e-01 2.252590209245681763e-01
-9.021379947662353516e-01 8.849339932203292847e-02 -1.591050475835800171e-01
8.121865391731262207e-01 8.650696277618408203e-02 -2.594227790832519531e-01
-6.784994006156921387e-01 -5.676789283752441406e-01 5.176867246627807617e-01
-3.248072862625122070e-01 9.613154828548431396e-02 -1.038182154297828674e-02
9.045507907867431641e-01 4.672585055232048035e-02 5.850602686405181885e-02
-6.784994006156921387e-01 -5.676789283752441406e-01 5.176867246627807617e-01
-8.637294769287109375e-01 -1.343184858560562134e-01 -1.481706351041793823e-01
1.151938140392303467e-01 1.134620234370231628e-01 -1.252558827400207520e-01
8.676539063453674316e-01 -2.718791365623474121e-01 2.227413952350616455e-01
8.349025249481201172e-01 -5.419158339500427246e-01 2.252590209245681763e-01
-9.021379947662353516e-01 8.849339932203292847e-02 -1.591050475835800171e-01
-8.908628821372985840e-01 3.202099353075027466e-02 -1.060282215476036072e-01
6.819139122962951660e-01 -5.167630314826965332e-01 -5.074533820152282715e-01
-8.008791804313659668e-01 -3.040940761566162109e-01 -2.507926225662231445e-01
6.714394688606262207e-01 -6.256976723670959473e-01 -4.421669840812683105e-01
-8.376824855804443359e-01 -3.991707265377044678e-01 -1.547855436801910400e-01
8.349025249481201172e-01 -5.419158339500427246e-01 2.252590209245681763e-01
-6.784994006156921387e-01 -5.676789283752441406e-01 5.176867246627807617e-01
-7.082806229591369629e-01 -4.140849411487579346e-01 5.438377261161804199e-01
-3.909982740879058838e-02 1.059649065136909485e-01 -3.712877035140991211e-01
-7.251434922218322754e-01 -2.445505559444427490e-01 5.224995613098144531e-01
2.771598398685455322e-01 8.459593355655670166e-02 -4.910633563995361328e-01
6.877760887145996094e-01 7.615598291158676147e-02 -5.986275076866149902e-01
-6.176843494176864624e-02 7.521503418684005737e-02 -3.246173858642578125e-01
8.349025249481201172e-01 -5.419158339500427246e-01 2.252590209245681763e-01
9.045507907867431641e-01 4.672585055232048035e-02 5.850602686405181885e-02
8.349025249481201172e-01 -5.419158339500427246e-01 2.252590209245681763e-01
7.212139964103698730e-01 1.099517941474914551e-01 -4.689475297927856445e-01
6.714394688606262207e-01 -6.256976723670959473e-01 -4.421669840812683105e-01
-7.806078791618347168e-01 -4.509556889533996582e-01 -2.583454549312591553e-01
-6.784994006156921387e-01 -5.676789283752441406e-01 5.176867246627807617e-01
-8.237795233726501465e-01 -2.074668556451797485e-01 -2.425493896007537842e-01
8.676539063453674316e-01 -2.718791365623474121e-01 2.227413952350616455e-01
-2.807455360889434814e-01 8.227188885211944580e-02 5.130293369293212891e-01
4.983616247773170471e-02 8.785749971866607666e-02 -3.739419877529144287e-01
8.349025249481201172e-01 -5.419158339500427246e-01 2.252590209245681763e-01
-6.784994006156921387e-01 -5.676789283752441406e-01 5.176867246627807617e-01
-4.034214019775390625e-01 6.068157404661178589e-02 -3.475724756717681885e-01
-5.646768808364868164e-01 5.531371012330055237e-02 -3.590943515300750732e-01
8.780690431594848633e-01 -6.830611079931259155e-02 2.532723546028137207e-01
8.349025249481201172e-01 -5.419158339500427246e-01 2.252590209245681763e-01
6.253863871097564697e-02 7.051010429859161377e-02 2.880776226520538330e-01
7.734104394912719727e-01 -1.049755024723708630e-03 -5.968034863471984863e-01
-5.834261775016784668e-01 -5.081876516342163086e-01 5.525286197662353516e-01
4.452565908432006836e-01 9.453111886978149414e-02 -4.372589290142059326e-01
-6.784994006156921387e-01 -5.676789283752441406e-01 5.176867246627807617e-01
6.331176161766052246e-01 -2.290633469820022583e-01 -4.528313875198364258e-01
8.349025249481201172e-01 -5.419158339500427246e-01 2.252590209245681763e-01
2.299098521471023560e-01 -5.589700117707252502e-02 3.202345967292785645e-01
8.472911119461059570e-01 9.981244802474975586e-02 1.202829331159591675e-01
8.121865391731262207e-01 8.650696277618408203e-02 -2.594227790832519531e-01
7.212139964103698730e-01 1.099517941474914551e-01 -4.689475297927856445e-01
7.281485199928283691e-01 -1.064458489418029785e-01 -5.137659311294555664e-01
8.472911119461059570e-01 9.981244802474975586e-02 1.202829331159591675e-01
-6.423745751380920410e-01 9.451317042112350464e-02 -2.882439196109771729e-01
6.253863871097564697e-02 7.051010429859161377e-02 2.880776226520538330e-01
-8.356578946113586426e-01 -4.504135847091674805e-01 -1.726884990930557251e-01
9.034794569015502930e-01 2.427960978820919991e-03 2.808755040168762207e-01
7.612488865852355957e-01 9.745255112648010254e-02 -2.844497859477996826e-01
7.950693964958190918e-01 8.908694237470626831e-02 -3.349363505840301514e-01
5.036624521017074585e-02 7.819558680057525635e-02 4.963709115982055664e-01
3.753157854080200195e-01 9.056430310010910034e-02 2.613304853439331055e-01
-8.356578946113586426e-01 -4.504135847091674805e-01 -1.726884990930557251e-01
-9.021379947662353516e-01 8.849339932203292847e-02 -1.591050475835800171e-01
-2.494557201862335205e-01 1.084001213312149048e-01 -3.466295301914215088e-01
9.034794569015502930e-01 2.427960978820919991e-03 2.808755040168762207e-01
6.432217955589294434e-01 1.022923141717910767e-01 -2.285012751817703247e-01
7.212139964103698730e-01 1.099517941474914551e-01 -4.689475297927856445e-01
-6.784994006156921387e-01 -5.676789283752441406e-01 5.176867246627807617e-01
5.036624521017074585e-02 7.819558680057525635e-02 4.963709115982055664e-01
9.034794569015502930e-01 2.427960978820919991e-03 2.808755040168762207e-01
-7.977807521820068359e-01 3.935664147138595581e-02 4.135695695877075195e-01
1.740219630300998688e-02 2.288265898823738098e-02 1.243400722742080688e-01
-3.909982740879058838e-02 1.059649065136909485e-01 -3.712877035140991211e-01
-3.909982740879058838e-02 1.059649065136909485e-01 -3.712877035140991211e-01
8.349025249481201172e-01 -5.419158339500427246e-01 2.252590209245681763e-01
6.877760887145996094e-01 7.615598291158676147e-02 -5.986275076866149902e-01
-6.784994006156921387e-01 -5.676789283752441406e-01 5.176867246627807617e-01
5.838329717516899109e-02 9.365948289632797241e-02 2.935726344585418701e-01
-6.784994006156921387e-01 -5.676789283752441406e-01 5.176867246627807617e-01
8.121865391731262207e-01 8.650696277618408203e-02 -2.594227790832519531e-01
-9.021379947662353516e-01 8.849339932203292847e-02 -1.591050475835800171e-01
-1.183964982628822327e-01 -4.171856120228767395e-02 -3.290650248527526855e-01
8.407878279685974121e-01 -2.203102111816406250e-01 2.116481363773345947e-01
-6.784994006156921387e-01 -5.676789283752441406e-01 5.176867246627807617e-01
6.253863871097564697e-02 7.051010429859161377e-02 2.880776226520538330e-01
4.102039635181427002e-01 -7.234635204076766968e-02 3.290071785449981689e-01
5.036624521017074585e-02 7.819558680057525635e-02 4.963709115982055664e-01
-9.021379947662353516e-01 8.849339932203292847e-02 -1.591050475835800171e-01
9.144313931465148926e-01 5.803870409727096558e-02 2.668516635894775391e-01
-6.784994006156921387e-01 -5.676789283752441406e-01 5.176867246627807617e-01
5.036624521017074585e-02 7.819558680057525635e-02 4.963709115982055664e-01
7.718293666839599609e-01 6.532147526741027832e-02 9.271061420440673828e-02
-9.021379947662353516e-01 8.849339932203292847e-02 -1.591050475835800171e-01
8.771510124206542969e-01 -3.709162175655364990e-01 2.303372621536254883e-01
-6.423745751380920410e-01 9.451317042112350464e-02 -2.882439196109771729e-01
-7.977807521820068359e-01 3.935664147138595581e-02 4.135695695877075195e-01
-6.784994006156921387e-01 -5.676789283752441406e-01 5.176867246627807617e-01
1.372394151985645294e-02 8.196121454238891602e-02 -2.519605457782745361e-01
6.714394688606262207e-01 -6.256976723670959473e-01 -4.421669840812683105e-01
-6.784994006156921387e-01 -5.676789283752441406e-01 5.176867246627807617e-01
8.349025249481201172e-01 -5.419158339500427246e-01 2.252590209245681763e-01
-8.052548766136169434e-01 -2.899883091449737549e-01 -1.781413108110427856e-01
-7.977807521820068359e-01 3.935664147138595581e-02 4.135695695877075195e-01
6.714394688606262207e-01 -6.256976723670959473e-01 -4.421669840812683105e-01
7.950693964958190918e-01 8.908694237470626831e-02 -3.349363505840301514e-01
7.822504639625549316e-02 -3.465846239123493433e-04 6.933918595314025879e-02
-3.909982740879058838e-02 1.059649065136909485e-01 -3.712877035140991211e-01
8.349025249481201172e-01 -5.419158339500427246e-01 2.252590209245681763e-01
-2.494557201862335205e-01 1.084001213312149048e-01 -3.466295301914215088e-01
5.912237167358398438e-01 -4.750376939773559570e-01 -4.724620282649993896e-01
7.212139964103698730e-01 1.099517941474914551e-01 -4.689475297927856445e-01
8.349025249481201172e-01 -5.419158339500427246e-01 2.252590209245681763e-01
3.808863461017608643e-01 7.479057461023330688e-02 3.718516528606414795e-01
1.152401715517044067e-01 8.028378337621688843e-02 4.057993292808532715e-01
2.011598795652389526e-01 1.040044128894805908e-01 -4.250319302082061768e-01
7.028359174728393555e-01 6.953543634153902531e-04 -5.954779386520385742e-01
8.121865391731262207e-01 8.650696277618408203e-02 -2.594227790832519531e-01
1.900316327810287476e-01 6.725607812404632568e-02 -5.085296034812927246e-01
8.472911119461059570e-01 9.981244802474975586e-02 1.202829331159591675e-01
7.212139964103698730e-01 1.099517941474914551e-01 -4.689475297927856445e-01
6.714394688606262207e-01 -6.256976723670959473e-01 -4.421669840812683105e-01
5.120659470558166504e-01 4.594109207391738892e-02 3.397452533245086670e-01
8.647487163543701172e-01 -6.133821606636047363e-02 2.840197980403900146e-01
-4.084076266735792160e-03 -3.878117725253105164e-02 -3.371565043926239014e-01
-3.909982740879058838e-02 1.059649065136909485e-01 -3.712877035140991211e-01
-6.784994006156921387e-01 -5.676789283752441406e-01 5.176867246627807617e-01
1.735818013548851013e-02 4.972248896956443787e-02 2.433535903692245483e-01
4.722850322723388672e-01 1.198876574635505676e-01 -2.569372057914733887e-01
-1.805702298879623413e-01 -6.322486698627471924e-02 -3.438470661640167236e-01
-8.145117759704589844e-01 1.076942384243011475e-01 -1.213494017720222473e-01
-9.021379947662353516e-01 8.849339932203292847e-02 -1.591050475835800171e-01
-9.021379947662353516e-01 8.849339932203292847e-02 -1.591050475835800171e-01
-7.193358987569808960e-02 7.849344611167907715e-02 -9.181939810514450073e-02
-6.784994006156921387e-01 -5.676789283752441406e-01 5.176867246627807617e-01
8.349025249481201172e-01 -5.419158339500427246e-01 2.252590209245681763e-01
-6.784994006156921387e-01 -5.676789283752441406e-01 5.176867246627807617e-01
2.789615094661712646e-01 -6.105484068393707275e-02 3.043342232704162598e-01
-8.284946680068969727e-01 -2.224871665239334106e-01 -1.545179486274719238e-01
8.407878279685974121e-01 -2.203102111816406250e-01 2.116481363773345947e-01
-7.415795326232910156e-01 -5.436578392982482910e-01 -1.882807761430740356e-01
-9.021379947662353516e-01 8.849339932203292847e-02 -1.591050475835800171e-01
-7.806078791618347168e-01 -4.509556889533996582e-01 -2.583454549312591553e-01
-8.145117759704589844e-01 1.076942384243011475e-01 -1.213494017720222473e-01
8.121865391731262207e-01 8.650696277618408203e-02 -2.594227790832519531e-01
5.912237167358398438e-01 -4.750376939773559570e-01 -4.724620282649993896e-01
-7.801053524017333984e-01 -5.499142408370971680e-01 -1.775748431682586670e-01
-7.977807521820068359e-01 3.935664147138595581e-02 4.135695695877075195e-01
6.877760887145996094e-01 7.615598291158676147e-02 -5.986275076866149902e-01
-9.021379947662353516e-01 8.849339932203292847e-02 -1.591050475835800171e-01
5.036624521017074585e-02 7.819558680057525635e-02 4.963709115982055664e-01
-9.021379947662353516e-01 8.849339932203292847e-02 -1.591050475835800171e-01
3.799932003021240234e-01 8.844219148159027100e-02 -3.939899206161499023e-01
-3.570329770445823669e-02 5.949161946773529053e-02 -4.289450943470001221e-01
5.912237167358398438e-01 -4.750376939773559570e-01 -4.724620282649993896e-01
6.819139122962951660e-01 -5.167630314826965332e-01 -5.074533820152282715e-01
-6.784994006156921387e-01 -5.676789283752441406e-01 5.176867246627807617e-01
-7.168520092964172363e-01 2.149338461458683014e-02 6.280326247215270996e-01
-6.784994006156921387e-01 -5.676789283752441406e-01 5.176867246627807617e-01
1.152401715517044067e-01 8.028378337621688843e-02 4.057993292808532715e-01
-8.376824855804443359e-01 -3.991707265377044678e-01 -1.547855436801910400e-01
1.018868982791900635e-01 -1.869607903063297272e-02 3.140166699886322021e-01
6.714394688606262207e-01 -6.256976723670959473e-01 -4.421669840812683105e-01
-1.018013283610343933e-01 7.714416831731796265e-02 -2.493629604578018188e-01
6.019243597984313965e-01 -2.363373041152954102e-01 -4.657407999038696289e-01
-1.482349783182144165e-01 6.709873676300048828e-02 -4.263908267021179199e-01
7.734104394912719727e-01 -1.049755024723708630e-03 -5.968034863471984863e-01
-6.784994006156921387e-01 -5.676789283752441406e-01 5.176867246627807617e-01
-6.784994006156921387e-01 -5.676789283752441406e-01 5.176867246627807617e-01
8.349025249481201172e-01 -5.419158339500427246e-01 2.252590209245681763e-01
-2.494557201862335205e-01 1.084001213312149048e-01 -3.466295301914215088e-01
8.771510124206542969e-01 -3.709162175655364990e-01 2.303372621536254883e-01
2.771598398685455322e-01 8.459593355655670166e-02 -4.910633563995361328e-01
7.734104394912719727e-01 -1.049755024723708630e-03 -5.968034863471984863e-01
8.771510124206542969e-01 -3.709162175655364990e-01 2.303372621536254883e-01
-7.415795326232910156e-01 -5.436578392982482910e-01 -1.882807761430740356e-01
1.045382581651210785e-02 6.168511882424354553e-02 -4.036069512367248535e-01
6.714394688606262207e-01 -6.256976723670959473e-01 -4.421669840812683105e-01
2.855626866221427917e-03 3.354747965931892395e-02 7.822548598051071167e-02
-3.909982740879058838e-02 1.059649065136909485e-01 -3.712877035140991211e-01
-7.082806229591369629e-01 -4.140849411487579346e-01 5.438377261161804199e-01
3.470002114772796631e-01 -1.236017048358917236e-02 -4.361627101898193359e-01
-9.021379947662353516e-01 8.849339932203292847e-02 -1.591050475835800171e-01
8.472911119461059570e-01 9.981244802474975586e-02 1.202829331159591675e-01
-3.909982740879058838e-02 1.059649065136909485e-01 -3.712877035140991211e-01
-9.021379947662353516e-01 8.849339932203292847e-02 -1.591050475835800171e-01
-7.251434922218322754e-01 -2.445505559444427490e-01 5.224995613098144531e-01
6.714394688606262207e-01 -6.256976723670959473e-01 -4.421669840812683105e-01
9.144313931465148926e-01 5.803870409727096558e-02 2.668516635894775391e-01
6.819139122962951660e-01 -5.167630314826965332e-01 -5.074533820152282715e-01
-8.284946680068969727e-01 -2.224871665239334106e-01 -1.545179486274719238e-01
-9.021379947662353516e-01 8.849339932203292847e-02 -1.591050475835800171e-01
-8.335524201393127441e-01 -3.930026590824127197e-01 -2.005935907363891602e-01
-7.812844514846801758e-01 -4.267050325870513916e-01 -2.162018865346908569e-01
2.878047339618206024e-02 -4.972879588603973389e-02 -3.443748950958251953e-01
6.714394688606262207e-01 -6.256976723670959473e-01 -4.421669840812683105e-01
-9.021379947662353516e-01 8.849339932203292847e-02 -1.591050475835800171e-01
-7.801053524017333984e-01 -5.499142408370971680e-01 -1.775748431682586670e-01
9.144313931465148926e-01 5.803870409727096558e-02 2.668516635894775391e-01
5.036624521017074585e-02 7.819558680057525635e-02 4.963709115982055664e-01
4.452565908432006836e-01 9.453111886978149414e-02 -4.372589290142059326e-01
-6.641551852226257324e-01 -2.269158661365509033e-01 5.814720988273620605e-01
7.734104394912719727e-01 -1.049755024723708630e-03 -5.968034863471984863e-01
-8.637294769287109375e-01 -1.343184858560562134e-01 -1.481706351041793823e-01
8.349025249481201172e-01 -5.419158339500427246e-01 2.252590209245681763e-01
7.968537807464599609e-01 9.439312666654586792e-02 2.799310982227325439e-01
-9.021379947662353516e-01 8.849339932203292847e-02 -1.591050475835800171e-01
-8.376824855804443359e-01 -3.991707265377044678e-01 -1.547855436801910400e-01
-1.482349783182144165e-01 6.709873676300048828e-02 -4.263908267021179199e-01
-6.784994006156921387e-01 -5.676789283752441406e-01 5.176867246627807617e-01
-9.021379947662353516e-01 8.849339932203292847e-02 -1.591050475835800171e-01
-9.021379947662353516e-01 8.849339932203292847e-02 -1.591050475835800171e-01
-7.251434922218322754e-01 -2.445505559444427490e-01 5.224995613098144531e-01
-6.784994006156921387e-01 -5.676789283752441406e-01 5.176867246627807617e-01
3.858531117439270020e-01 9.455060958862304688e-02 -3.287997543811798096e-01
7.950693964958190918e-01 8.908694237470626831e-02 -3.349363505840301514e-01
8.121865391731262207e-01 8.650696277618408203e-02 -2.594227790832519531e-01
-6.784994006156921387e-01 -5.676789283752441406e-01 5.176867246627807617e-01
-5.902239084243774414e-01 -3.823505640029907227e-01 5.408684611320495605e-01
-8.356578946113586426e-01 -4.504135847091674805e-01 -1.726884990930557251e-01
8.472911119461059570e-01 9.981244802474975586e-02 1.202829331159591675e-01
-4.914172589778900146e-01 1.083197593688964844e-01 -2.494583129882812500e-01
-8.296973705291748047e-01 -3.586009442806243896e-01 -2.103177905082702637e-01
-8.356578946113586426e-01 -4.504135847091674805e-01 -1.726884990930557251e-01
9.034794569015502930e-01 2.427960978820919991e-03 2.808755040168762207e-01
7.037973999977111816e-01 -1.958947032690048218e-01 -5.198240876197814941e-01
8.349025249481201172e-01 -5.419158339500427246e-01 2.252590209245681763e-01
-7.251434922218322754e-01 -2.445505559444427490e-01 5.224995613098144531e-01
7.734104394912719727e-01 -1.049755024723708630e-03 -5.968034863471984863e-01
7.212139964103698730e-01 1.099517941474914551e-01 -4.689475297927856445e-01
8.349025249481201172e-01 -5.419158339500427246e-01 2.252590209245681763e-01
7.734104394912719727e-01 -1.049755024723708630e-03 -5.968034863471984863e-01
-8.376824855804443359e-01 -3.991707265377044678e-01 -1.547855436801910400e-01
-7.251434922218322754e-01 -2.445505559444427490e-01 5.224995613098144531e-01
-3.909982740879058838e-02 1.059649065136909485e-01 -3.712877035140991211e-01
-7.168520092964172363e-01 2.149338461458683014e-02 6.280326247215270996e-01
6.877760887145996094e-01 7.615598291158676147e-02 -5.986275076866149902e-01
5.036624521017074585e-02 7.819558680057525635e-02 4.963709115982055664e-01
4.722850322723388672e-01 1.198876574635505676e-01 -2.569372057914733887e-01
8.771510124206542969e-01 -3.709162175655364990e-01 2.303372621536254883e-01
-7.082806229591369629e-01 -4.140849411487579346e-01 5.438377261161804199e-01
-8.356578946113586426e-01 -4.504135847091674805e-01 -1.726884990930557251e-01
-8.376824855804443359e-01 -3.991707265377044678e-01 -1.547855436801910400e-01
6.877760887145996094e-01 7.615598291158676147e-02 -5.986275076866149902e-01
9.144313931465148926e-01 5.803870409727096558e-02 2.668516635894775391e-01
-6.784994006156921387e-01 -5.676789283752441406e-01 5.176867246627807617e-01
8.349025249481201172e-01 -5.419158339500427246e-01 2.252590209245681763e-01
-9.021379947662353516e-01 8.849339932203292847e-02 -1.591050475835800171e-01
-3.909982740879058838e-02 1.059649065136909485e-01 -3.712877035140991211e-01
-9.021379947662353516e-01 8.849339932203292847e-02 -1.591050475835800171e-01
-6.784994006156921387e-01 -5.676789283752441406e-01 5.176867246627807617e-01
-6.784994006156921387e-01 -5.676789283752441406e-01 5.176867246627807617e-01
8.349025249481201172e-01 -5.419158339500427246e-01 2.252590209245681763e-01
7.212139964103698730e-01 1.099517941474914551e-01 -4.689475297927856445e-01
-1.805702298879623413e-01 -6.322486698627471924e-02 -3.438470661640167236e-01
9.034794569015502930e-01 2.427960978820919991e-03 2.808755040168762207e-01
1.152401715517044067e-01 8.028378337621688843e-02 4.057993292808532715e-01
-6.784994006156921387e-01 -5.676789283752441406e-01 5.176867246627807617e-01
9.045507907867431641e-01 4.672585055232048035e-02 5.850602686405181885e-02
-7.801053524017333984e-01 -5.499142408370971680e-01 -1.775748431682586670e-01
8.974820375442504883e-02 3.791866078972816467e-02 4.847453832626342773e-01
-2.340444028377532959e-01 6.117399409413337708e-02 5.282927751541137695e-01
2.771598398685455322e-01 8.459593355655670166e-02 -4.910633563995361328e-01
-3.417981043457984924e-02 -6.268779933452606201e-02 4.330223500728607178e-01
3.753157854080200195e-01 9.056430310010910034e-02 2.613304853439331055e-01
-6.784994006156921387e-01 -5.676789283752441406e-01 5.176867246627807617e-01
8.349025249481201172e-01 -5.419158339500427246e-01 2.252590209245681763e-01
7.950693964958190918e-01 8.908694237470626831e-02 -3.349363505840301514e-01
8.121865391731262207e-01 8.650696277618408203e-02 -2.594227790832519531e-01
-9.021379947662353516e-01 8.849339932203292847e-02 -1.591050475835800171e-01
-4.084076266735792160e-03 -3.878117725253105164e-02 -3.371565043926239014e-01
7.652908563613891602e-01 -4.520879089832305908e-01 2.581276893615722656e-01
-1.229635849595069885e-01 -1.641067117452621460e-02 2.826697528362274170e-01
8.674378395080566406e-01 -1.752278357744216919e-01 1.539302915334701538e-01
-7.168520092964172363e-01 2.149338461458683014e-02 6.280326247215270996e-01
3.041733801364898682e-01 7.846745103597640991e-02 4.121606647968292236e-01
6.714394688606262207e-01 -6.256976723670959473e-01 -4.421669840812683105e-01
5.838329717516899109e-02 9.365948289632797241e-02 2.935726344585418701e-01
8.349025249481201172e-01 -5.419158339500427246e-01 2.252590209245681763e-01
-6.784994006156921387e-01 -5.676789283752441406e-01 5.176867246627807617e-01
-9.021379947662353516e-01 8.849339932203292847e-02 -1.591050475835800171e-01
9.034794569015502930e-01 2.427960978820919991e-03 2.808755040168762207e-01
-2.494557201862335205e-01 1.084001213312149048e-01 -3.466295301914215088e-01
7.601168155670166016e-01 -1.685796380043029785e-01 2.266900688409805298e-01
9.045507907867431641e-01 4.672585055232048035e-02 5.850602686405181885e-02
-2.494557201862335205e-01 1.084001213312149048e-01 -3.466295301914215088e-01
9.144313931465148926e-01 5.803870409727096558e-02 2.668516635894775391e-01
8.349025249481201172e-01 -5.419158339500427246e-01 2.252590209245681763e-01
2.906379103660583496e-02 2.787719666957855225e-02 4.250755310058593750e-01
-5.834261775016784668e-01 -5.081876516342163086e-01 5.525286197662353516e-01
6.714394688606262207e-01 -6.256976723670959473e-01 -4.421669840812683105e-01
8.349025249481201172e-01 -5.419158339500427246e-01 2.252590209245681763e-01
6.714394688606262207e-01 -6.256976723670959473e-01 -4.421669840812683105e-01
8.349025249481201172e-01 -5.419158339500427246e-01 2.252590209245681763e-01
-7.801053524017333984e-01 -5.499142408370971680e-01 -1.775748431682586670e-01
-1.388378441333770752e-02 6.873713806271553040e-03 -1.648729294538497925e-01
8.349025249481201172e-01 -5.419158339500427246e-01 2.252590209245681763e-01
-6.784994006156921387e-01 -5.676789283752441406e-01 5.176867246627807617e-01
8.349025249481201172e-01 -5.419158339500427246e-01 2.252590209245681763e-01
6.502407789230346680e-01 -5.639991760253906250e-01 -5.055819749832153320e-01
9.045507907867431641e-01 4.672585055232048035e-02 5.850602686405181885e-02
-6.784994006156921387e-01 -5.676789283752441406e-01 5.176867246627807617e-01
7.281485199928283691e-01 -1.064458489418029785e-01 -5.137659311294555664e-01
8.349025249481201172e-01 -5.419158339500427246e-01 2.252590209245681763e-01
-9.021379947662353516e-01 8.849339932203292847e-02 -1.591050475835800171e-01
-9.021379947662353516e-01 8.849339932203292847e-02 -1.591050475835800171e-01
9.045507907867431641e-01 4.672585055232048035e-02 5.850602686405181885e-02
8.121865391731262207e-01 8.650696277618408203e-02 -2.594227790832519531e-01
-3.417981043457984924e-02 -6.268779933452606201e-02 4.330223500728607178e-01
9.144313931465148926e-01 5.803870409727096558e-02 2.668516635894775391e-01
9.144313931465148926e-01 5.803870409727096558e-02 2.668516635894775391e-01
-3.909982740879058838e-02 1.059649065136909485e-01 -3.712877035140991211e-01
-9.021379947662353516e-01 8.849339932203292847e-02 -1.591050475835800171e-01
-5.834261775016784668e-01 -5.081876516342163086e-01 5.525286197662353516e-01
-8.451082110404968262e-01 6.358425319194793701e-02 1.647117175161838531e-02
6.714394688606262207e-01 -6.256976723670959473e-01 -4.421669840812683105e-01
-6.815124750137329102e-01 5.854457616806030273e-02 -3.450663089752197266e-01
-7.251434922218322754e-01 -2.445505559444427490e-01 5.224995613098144531e-01
3.728737235069274902e-01 -5.181410163640975952e-02 3.000348210334777832e-01
-6.784994006156921387e-01 -5.676789283752441406e-01 5.176867246627807617e-01
1.151938140392303467e-01 1.134620234370231628e-01 -1.252558827400207520e-01
-8.739711642265319824e-01 3.747133910655975342e-02 1.450842339545488358e-02
-6.784994006156921387e-01 -5.676789283752441406e-01 5.176867246627807617e-01
8.121865391731262207e-01 8.650696277618408203e-02 -2.594227790832519531e-01
7.734104394912719727e-01 -1.049755024723708630e-03 -5.968034863471984863e-01
-8.376824855804443359e-01 -3.991707265377044678e-01 -1.547855436801910400e-01
1.264682859182357788e-01 3.059633448719978333e-02 4.864983260631561279e-01
8.358402252197265625e-01 -3.501723706722259521e-01 2.868301570415496826e-01
-5.834261775016784668e-01 -5.081876516342163086e-01 5.525286197662353516e-01
-8.145117759704589844e-01 1.076942384243011475e-01 -1.213494017720222473e-01
-3.909982740879058838e-02 1.059649065136909485e-01 -3.712877035140991211e-01
8.349025249481201172e-01 -5.419158339500427246e-01 2.252590209245681763e-01
7.734104394912719727e-01 -1.049755024723708630e-03 -5.968034863471984863e-01
4.722850322723388672e-01 1.198876574635505676e-01 -2.569372057914733887e-01
-7.082806229591369629e-01 -4.140849411487579346e-01 5.438377261161804199e-01
6.714394688606262207e-01 -6.256976723670959473e-01 -4.421669840812683105e-01
8.349025249481201172e-01 -5.419158339500427246e-01 2.252590209245681763e-01
6.807961463928222656e-01 1.015165671706199646e-01 3.400382027029991150e-02
-1.417457163333892822e-01 8.592491596937179565e-02 3.696662783622741699e-01
8.349025249481201172e-01 -5.419158339500427246e-01 2.252590209245681763e-01
-9.021379947662353516e-01 8.849339932203292847e-02 -1.591050475835800171e-01
-6.689543128013610840e-01 -3.437143266201019287e-01 5.531376004219055176e-01
8.349025249481201172e-01 -5.419158339500427246e-01 2.252590209245681763e-01
8.349025249481201172e-01 -5.419158339500427246e-01 2.252590209245681763e-01
-6.784994006156921387e-01 -5.676789283752441406e-01 5.176867246627807617e-01
7.212139964103698730e-01 1.099517941474914551e-01 -4.689475297927856445e-01
1.152401715517044067e-01 8.028378337621688843e-02 4.057993292808532715e-01
-2.494557201862335205e-01 1.084001213312149048e-01 -3.466295301914215088e-01
6.089419126510620117e-01 -1.187126636505126953e-01 -4.526862204074859619e-01
-3.417981043457984924e-02 -6.268779933452606201e-02 4.330223500728607178e-01
8.472911119461059570e-01 9.981244802474975586e-02 1.202829331159591675e-01
7.212139964103698730e-01 1.099517941474914551e-01 -4.689475297927856445e-01
-3.417981043457984924e-02 -6.268779933452606201e-02 4.330223500728607178e-01
8.349025249481201172e-01 -5.419158339500427246e-01 2.252590209245681763e-01
6.714394688606262207e-01 -6.256976723670959473e-01 -4.421669840812683105e-01
-6.423745751380920410e-01 9.451317042112350464e-02 -2.882439196109771729e-01
9.034794569015502930e-01 2.427960978820919991e-03 2.808755040168762207e-01
-8.908628821372985840e-01 3.202099353075027466e-02 -1.060282215476036072e-01
-1.687426716089248657e-01 6.467887014150619507e-02 -4.063472747802734375e-01
-3.568949177861213684e-02 8.048251271247863770e-02 -4.277935326099395752e-01
-6.784994006156921387e-01 -5.676789283752441406e-01 5.176867246627807617e-01
-1.674797236919403076e-01 7.758094370365142822e-02 -3.780326843261718750e-01
-6.423745751380920410e-01 9.451317042112350464e-02 -2.882439196109771729e-01
-1.388378441333770752e-02 6.873713806271553040e-03 -1.648729294538497925e-01
-6.641551852226257324e-01 -2.269158661365509033e-01 5.814720988273620605e-01
-2.494557201862335205e-01 1.084001213312149048e-01 -3.466295301914215088e-01
6.714394688606262207e-01 -6.256976723670959473e-01 -4.421669840812683105e-01
6.714394688606262207e-01 -6.256976723670959473e-01 -4.421669840812683105e-01
-9.021379947662353516e-01 8.849339932203292847e-02 -1.591050475835800171e-01
8.349025249481201172e-01 -5.419158339500427246e-01 2.252590209245681763e-01
-5.273525714874267578e-01 1.034249588847160339e-01 -3.248435556888580322e-01
-6.784994006156921387e-01 -5.676789283752441406e-01 5.176867246627807617e-01
8.740754127502441406e-01 7.444784045219421387e-02 2.809219658374786377e-01
-7.977807521820068359e-01 3.935664147138595581e-02 4.135695695877075195e-01
-7.082806229591369629e-01 -4.140849411487579346e-01 5.438377261161804199e-01
-7.801053524017333984e-01 -5.499142408370971680e-01 -1.775748431682586670e-01
-9.021379947662353516e-01 8.849339932203292847e-02 -1.591050475835800171e-01
8.349025249481201172e-01 -5.419158339500427246e-01 2.252590209245681763e-01
6.877760887145996094e-01 7.615598291158676147e-02 -5.986275076866149902e-01
5.912237167358398438e-01 -4.750376939773559570e-01 -4.724620282649993896e-01
-8.356578946113586426e-01 -4.504135847091674805e-01 -1.726884990930557251e-01
4.983616247773170471e-02 8.785749971866607666e-02 -3.739419877529144287e-01
8.349025249481201172e-01 -5.419158339500427246e-01 2.252590209245681763e-01
7.212139964103698730e-01 1.099517941474914551e-01 -4.689475297927856445e-01
9.045507907867431641e-01 4.672585055232048035e-02 5.850602686405181885e-02
-7.801053524017333984e-01 -5.499142408370971680e-01 -1.775748431682586670e-01
8.349025249481201172e-01 -5.419158339500427246e-01 2.252590209245681763e-01
-9.021379947662353516e-01 8.849339932203292847e-02 -1.591050475835800171e-01
-6.784994006156921387e-01 -5.676789283752441406e-01 5.176867246627807617e-01
-7.989143133163452148e-01 7.692663371562957764e-02 -2.398406714200973511e-01
8.349025249481201172e-01 -5.419158339500427246e-01 2.252590209245681763e-01
-6.784994006156921387e-01 -5.676789283752441406e-01 5.176867246627807617e-01
6.714394688606262207e-01 -6.256976723670959473e-01 -4.421669840812683105e-01
-7.082806229591369629e-01 -4.140849411487579346e-01 5.438377261161804199e-01
-9.021379947662353516e-01 8.849339932203292847e-02 -1.591050475835800171e-01
-6.846135258674621582e-01 -3.322376906871795654e-01 5.215726494789123535e-01
7.212139964103698730e-01 1.099517941474914551e-01 -4.689475297927856445e-01
1.736758500337600708e-01 7.184365298599004745e-03 3.014692068099975586e-01
-7.801053524017333984e-01 -5.499142408370971680e-01 -1.775748431682586670e-01
5.036624521017074585e-02 7.819558680057525635e-02 4.963709115982055664e-01
8.676539063453674316e-01 -2.718791365623474121e-01 2.227413952350616455e-01
5.036624521017074585e-02 7.819558680057525635e-02 4.963709115982055664e-01
-4.950263723731040955e-02 -2.571312244981527328e-03 -3.530208468437194824e-01
3.135412335395812988e-01 1.828486472368240356e-02 -4.484764635562896729e-01
5.912237167358398438e-01 -4.750376939773559570e-01 -4.724620282649993896e-01
-6.784994006156921387e-01 -5.676789283752441406e-01 5.176867246627807617e-01
2.771598398685455322e-01 8.459593355655670166e-02 -4.910633563995361328e-01
8.349025249481201172e-01 -5.419158339500427246e-01 2.252590209245681763e-01
-8.376824855804443359e-01 -3.991707265377044678e-01 -1.547855436801910400e-01
3.041733801364898682e-01 7.846745103597640991e-02 4.121606647968292236e-01
7.734104394912719727e-01 -1.049755024723708630e-03 -5.968034863471984863e-01
6.279343962669372559e-01 -4.125012084841728210e-02 2.462161928415298462e-01
-6.784994006156921387e-01 -5.676789283752441406e-01 5.176867246627807617e-01
7.038381099700927734e-01 6.533269304782152176e-03 -6.126189827919006348e-01
-3.909982740879058838e-02 1.059649065136909485e-01 -3.712877035140991211e-01
7.203461527824401855e-01 4.952500760555267334e-02 -5.936722755432128906e-01
-7.223487496376037598e-01 -3.259275853633880615e-01 -2.096098810434341431e-01
7.684890627861022949e-01 -5.150329470634460449e-01 1.878644526004791260e-01
-8.690227270126342773e-01 2.678088843822479248e-02 -3.100232779979705811e-01
-9.021379947662353516e-01 8.849339932203292847e-02 -1.591050475835800171e-01
-3.909982740879058838e-02 1.059649065136909485e-01 -3.712877035140991211e-01
8.472911119461059570e-01 9.981244802474975586e-02 1.202829331159591675e-01
8.771510124206542969e-01 -3.709162175655364990e-01 2.303372621536254883e-01
-6.784994006156921387e-01 -5.676789283752441406e-01 5.176867246627807617e-01
7.212139964103698730e-01 1.099517941474914551e-01 -4.689475297927856445e-01
-2.494557201862335205e-01 1.084001213312149048e-01 -3.466295301914215088e-01
2.011598795652389526e-01 1.040044128894805908e-01 -4.250319302082061768e-01
-6.784994006156921387e-01 -5.676789283752441406e-01 5.176867246627807617e-01
-6.784994006156921387e-01 -5.676789283752441406e-01 5.176867246627807617e-01
4.722850322723388672e-01 1.198876574635505676e-01 -2.569372057914733887e-01
8.349025249481201172e-01 -5.419158339500427246e-01 2.252590209245681763e-01
-5.273525714874267578e-01 1.034249588847160339e-01 -3.248435556888580322e-01
-9.021379947662353516e-01 8.849339932203292847e-02 -1.591050475835800171e-01
-6.229184865951538086e-01 -4.179999977350234985e-02 5.823456048965454102e-01
-1.204183232039213181e-02 6.505255401134490967e-02 -4.006307125091552734e-01
-2.777899987995624542e-02 -1.109825819730758667e-02 -3.230984210968017578e-01
-3.525526821613311768e-01 -5.746533721685409546e-02 4.876478910446166992e-01
5.912237167358398438e-01 -4.750376939773559570e-01 -4.724620282649993896e-01
-9.021379947662353516e-01 8.849339932203292847e-02 -1.591050475835800171e-01
-6.020280122756958008e-01 -3.926967978477478027e-01 5.734257698059082031e-01
6.502407789230346680e-01 -5.639991760253906250e-01 -5.055819749832153320e-01
8.349025249481201172e-01 -5.419158339500427246e-01 2.252590209245681763e-01
5.912237167358398438e-01 -4.750376939773559570e-01 -4.724620282649993896e-01
-6.784994006156921387e-01 -5.676789283752441406e-01 5.176867246627807617e-01
7.684890627861022949e-01 -5.150329470634460449e-01 1.878644526004791260e-01
-6.784994006156921387e-01 -5.676789283752441406e-01 5.176867246627807617e-01
-8.335524201393127441e-01 -3.930026590824127197e-01 -2.005935907363891602e-01
8.771510124206542969e-01 -3.709162175655364990e-01 2.303372621536254883e-01
7.079441547393798828e-01 -4.019739925861358643e-01 -4.703865945339202881e-01
8.472911119461059570e-01 9.981244802474975586e-02 1.202829331159591675e-01
-3.909982740879058838e-02 1.059649065136909485e-01 -3.712877035140991211e-01
-4.809939861297607422e-02 1.646913029253482819e-02 -4.332464337348937988e-01
6.714394688606262207e-01 -6.256976723670959473e-01 -4.421669840812683105e-01
8.349025249481201172e-01 -5.419158339500427246e-01 2.252590209245681763e-01
-6.423745751380920410e-01 9.451317042112350464e-02 -2.882439196109771729e-01
-6.753054261207580566e-01 -5.515811443328857422e-01 5.048805475234985352e-01
9.045507907867431641e-01 4.672585055232048035e-02 5.850602686405181885e-02
8.349025249481201172e-01 -5.419158339500427246e-01 2.252590209245681763e-01
-8.199182152748107910e-01 5.539804231375455856e-03 -2.783511579036712646e-01
-3.568445146083831787e-01 9.229794889688491821e-02 -3.255720138549804688e-01
7.734104394912719727e-01 -1.049755024723708630e-03 -5.968034863471984863e-01
7.212139964103698730e-01 1.099517941474914551e-01 -4.689475297927856445e-01
-2.494557201862335205e-01 1.084001213312149048e-01 -3.466295301914215088e-01
-6.784994006156921387e-01 -5.676789283752441406e-01 5.176867246627807617e-01
-1.805702298879623413e-01 -6.322486698627471924e-02 -3.438470661640167236e-01
6.126645207405090332e-01 -4.231210350990295410e-01 -5.230028033256530762e-01
8.349025249481201172e-01 -5.419158339500427246e-01 2.252590209245681763e-01
6.714394688606262207e-01 -6.256976723670959473e-01 -4.421669840812683105e-01
6.302014589309692383e-01 8.760226517915725708e-02 -5.298140048980712891e-01
-6.784994006156921387e-01 -5.676789283752441406e-01 5.176867246627807617e-01
-8.237795233726501465e-01 -2.074668556451797485e-01 -2.425493896007537842e-01
-8.356578946113586426e-01 -4.504135847091674805e-01 -1.726884990930557251e-01
8.349025249481201172e-01 -5.419158339500427246e-01 2.252590209245681763e-01
-9.021379947662353516e-01 8.849339932203292847e-02 -1.591050475835800171e-01
-6.784994006156921387e-01 -5.676789283752441406e-01 5.176867246627807617e-01
6.877760887145996094e-01 7.615598291158676147e-02 -5.986275076866149902e-01
-9.021379947662353516e-01 8.849339932203292847e-02 -1.591050475835800171e-01
-7.082806229591369629e-01 -4.140849411487579346e-01 5.438377261161804199e-01
8.349025249481201172e-01 -5.419158339500427246e-01 2.252590209245681763e-01
-9.021379947662353516e-01 8.849339932203292847e-02 -1.591050475835800171e-01
1.379226595163345337e-01 4.834008216857910156e-02 1.208741366863250732e-01
2.044634222984313965e-01 1.984769664704799652e-02 3.416194319725036621e-01
7.950693964958190918e-01 8.908694237470626831e-02 -3.349363505840301514e-01
-9.021379947662353516e-01 8.849339932203292847e-02 -1.591050475835800171e-01
8.349025249481201172e-01 -5.419158339500427246e-01 2.252590209245681763e-01
3.497048094868659973e-02 -2.424181438982486725e-02 3.350758850574493408e-01
-6.784994006156921387e-01 -5.676789283752441406e-01 5.176867246627807617e-01
-6.229184865951538086e-01 -4.179999977350234985e-02 5.823456048965454102e-01
-5.273525714874267578e-01 1.034249588847160339e-01 -3.248435556888580322e-01
-6.784994006156921387e-01 -5.676789283752441406e-01 5.176867246627807617e-01
8.349025249481201172e-01 -5.419158339500427246e-01 2.252590209245681763e-01
-8.356578946113586426e-01 -4.504135847091674805e-01 -1.726884990930557251e-01
-6.536750197410583496e-01 -8.241415023803710938e-02 5.850667357444763184e-01
-7.977807521820068359e-01 3.935664147138595581e-02 4.135695695877075195e-01
-9.021379947662353516e-01 8.849339932203292847e-02 -1.591050475835800171e-01
2.011598795652389526e-01 1.040044128894805908e-01 -4.250319302082061768e-01
-7.168520092964172363e-01 2.149338461458683014e-02 6.280326247215270996e-01
-8.376824855804443359e-01 -3.991707265377044678e-01 -1.547855436801910400e-01
8.349025249481201172e-01 -5.419158339500427246e-01 2.252590209245681763e-01
8.349025249481201172e-01 -5.419158339500427246e-01 2.252590209245681763e-01
-3.909982740879058838e-02 1.059649065136909485e-01 -3.712877035140991211e-01
-7.082806229591369629e-01 -4.140849411487579346e-01 5.438377261161804199e-01
-7.082806229591369629e-01 -4.140849411487579346e-01 5.438377261161804199e-01
-7.977807521820068359e-01 3.935664147138595581e-02 4.135695695877075195e-01
-7.168520092964172363e-01 2.149338461458683014e-02 6.280326247215270996e-01
1.152401715517044067e-01 8.028378337621688843e-02 4.057993292808532715e-01
6.714394688606262207e-01 -6.256976723670959473e-01 -4.421669840812683105e-01
6.714394688606262207e-01 -6.256976723670959473e-01 -4.421669840812683105e-01
-9.021379947662353516e-01 8.849339932203292847e-02 -1.591050475835800171e-01
-7.801053524017333984e-01 -5.499142408370971680e-01 -1.775748431682586670e-01
2.514438703656196594e-02 4.211309552192687988e-02 1.679284423589706421e-01
-7.251434922218322754e-01 -2.445505559444427490e-01 5.224995613098144531e-01
-9.021379947662353516e-01 8.849339932203292847e-02 -1.591050475835800171e-01
-9.021379947662353516e-01 8.849339932203292847e-02 -1.591050475835800171e-01
-2.494557201862335205e-01 1.084001213312149048e-01 -3.466295301914215088e-01
-7.251434922218322754e-01 -2.445505559444427490e-01 5.224995613098144531e-01
-8.812094330787658691e-01 5.749719962477684021e-02 -2.929474413394927979e-01
9.144313931465148926e-01 5.803870409727096558e-02 2.668516635894775391e-01
2.011598795652389526e-01 1.040044128894805908e-01 -4.250319302082061768e-01
6.714394688606262207e-01 -6.256976723670959473e-01 -4.421669840812683105e-01
2.771598398685455322e-01 8.459593355655670166e-02 -4.910633563995361328e-01
-3.909982740879058838e-02 1.059649065136909485e-01 -3.712877035140991211e-01
7.212139964103698730e-01 1.099517941474914551e-01 -4.689475297927856445e-01
-8.637294769287109375e-01 -1.343184858560562134e-01 -1.481706351041793823e-01
-8.296973705291748047e-01 -3.586009442806243896e-01 -2.103177905082702637e-01
-9.021379947662353516e-01 8.849339932203292847e-02 -1.591050475835800171e-01
6.819139122962951660e-01 -5.167630314826965332e-01 -5.074533820152282715e-01
-7.423241138458251953e-01 6.847921758890151978e-02 -2.817749679088592529e-01
8.349025249481201172e-01 -5.419158339500427246e-01 2.252590209245681763e-01
-8.356578946113586426e-01 -4.504135847091674805e-01 -1.726884990930557251e-01
8.349025249481201172e-01 -5.419158339500427246e-01 2.252590209245681763e-01
2.771598398685455322e-01 8.459593355655670166e-02 -4.910633563995361328e-01
-6.784994006156921387e-01 -5.676789283752441406e-01 5.176867246627807617e-01
7.950693964958190918e-01 8.908694237470626831e-02 -3.349363505840301514e-01
-8.739711642265319824e-01 3.747133910655975342e-02 1.450842339545488358e-02
6.877760887145996094e-01 7.615598291158676147e-02 -5.986275076866149902e-01
8.349025249481201172e-01 -5.419158339500427246e-01 2.252590209245681763e-01
2.771598398685455322e-01 8.459593355655670166e-02 -4.910633563995361328e-01
-8.284946680068969727e-01 -2.224871665239334106e-01 -1.545179486274719238e-01
-9.021379947662353516e-01 8.849339932203292847e-02 -1.591050475835800171e-01
1.045382581651210785e-02 6.168511882424354553e-02 -4.036069512367248535e-01
-9.021379947662353516e-01 8.849339932203292847e-02 -1.591050475835800171e-01
7.212139964103698730e-01 1.099517941474914551e-01 -4.689475297927856445e-01
-1.388378441333770752e-02 6.873713806271553040e-03 -1.648729294538497925e-01
7.734104394912719727e-01 -1.049755024723708630e-03 -5.968034863471984863e-01
-9.021379947662353516e-01 8.849339932203292847e-02 -1.591050475835800171e-01
8.349025249481201172e-01 -5.419158339500427246e-01 2.252590209245681763e-01
5.036624521017074585e-02 7.819558680057525635e-02 4.963709115982055664e-01
8.349025249481201172e-01 -5.419158339500427246e-01 2.252590209245681763e-01
-3.568949177861213684e-02 8.048251271247863770e-02 -4.277935326099395752e-01
2.878047339618206024e-02 -4.972879588603973389e-02 -3.443748950958251953e-01
4.580910205841064453e-01 8.295125514268875122e-02 1.152776330709457397e-01
-7.223487496376037598e-01 -3.259275853633880615e-01 -2.096098810434341431e-01
7.734104394912719727e-01 -1.049755024723708630e-03 -5.968034863471984863e-01
6.714394688606262207e-01 -6.256976723670959473e-01 -4.421669840812683105e-01
-1.535843778401613235e-02 -2.384885773062705994e-02 3.759256899356842041e-01
8.349025249481201172e-01 -5.419158339500427246e-01 2.252590209245681763e-01
-3.909982740879058838e-02 1.059649065136909485e-01 -3.712877035140991211e-01
6.502407789230346680e-01 -5.639991760253906250e-01 -5.055819749832153320e-01
-8.145117759704589844e-01 1.076942384243011475e-01 -1.213494017720222473e-01
1.424353290349245071e-02 3.178995847702026367e-02 3.063347376883029938e-02
7.734104394912719727e-01 -1.049755024723708630e-03 -5.968034863471984863e-01
5.036624521017074585e-02 7.819558680057525635e-02 4.963709115982055664e-01
7.684890627861022949e-01 -5.150329470634460449e-01 1.878644526004791260e-01
7.212139964103698730e-01 1.099517941474914551e-01 -4.689475297927856445e-01
2.878047339618206024e-02 -4.972879588603973389e-02 -3.443748950958251953e-01
8.349025249481201172e-01 -5.419158339500427246e-01 2.252590209245681763e-01
1.424353290349245071e-02 3.178995847702026367e-02 3.063347376883029938e-02
9.034794569015502930e-01 2.427960978820919991e-03 2.808755040168762207e-01
-6.784994006156921387e-01 -5.676789283752441406e-01 5.176867246627807617e-01
-7.082806229591369629e-01 -4.140849411487579346e-01 5.438377261161804199e-01
-7.977807521820068359e-01 3.935664147138595581e-02 4.135695695877075195e-01
-3.909982740879058838e-02 1.059649065136909485e-01 -3.712877035140991211e-01
-8.145117759704589844e-01 1.076942384243011475e-01 -1.213494017720222473e-01
8.780690431594848633e-01 -6.830611079931259155e-02 2.532723546028137207e-01
8.121865391731262207e-01 8.650696277618408203e-02 -2.594227790832519531e-01
5.299947857856750488e-01 5.255203694105148315e-02 -5.755293369293212891e-01
-4.809939861297607422e-02 1.646913029253482819e-02 -4.332464337348937988e-01
8.349025249481201172e-01 -5.419158339500427246e-01 2.252590209245681763e-01
7.414144277572631836e-01 -1.932622790336608887e-01 2.264508008956909180e-01
-7.168520092964172363e-01 2.149338461458683014e-02 6.280326247215270996e-01
-9.021379947662353516e-01 8.849339932203292847e-02 -1.591050475835800171e-01
-6.784994006156921387e-01 -5.676789283752441406e-01 5.176867246627807617e-01
8.349025249481201172e-01 -5.419158339500427246e-01 2.252590209245681763e-01
-9.021379947662353516e-01 8.849339932203292847e-02 -1.591050475835800171e-01
-6.773244738578796387e-01 -4.040220007300376892e-02 6.133497953414916992e-01
6.126645207405090332e-01 -4.231210350990295410e-01 -5.230028033256530762e-01
-9.021379947662353516e-01 8.849339932203292847e-02 -1.591050475835800171e-01
2.011598795652389526e-01 1.040044128894805908e-01 -4.250319302082061768e-01
-7.415795326232910156e-01 -5.436578392982482910e-01 -1.882807761430740356e-01
-6.784994006156921387e-01 -5.676789283752441406e-01 5.176867246627807617e-01
-6.784994006156921387e-01 -5.676789283752441406e-01 5.176867246627807617e-01
-9.021379947662353516e-01 8.849339932203292847e-02 -1.591050475835800171e-01
-9.021379947662353516e-01 8.849339932203292847e-02 -1.591050475835800171e-01
-9.021379947662353516e-01 8.849339932203292847e-02 -1.591050475835800171e-01
7.212139964103698730e-01 1.099517941474914551e-01 -4.689475297927856445e-01
2.056696079671382904e-02 -2.506747841835021973e-02 -3.946847021579742432e-01
-2.438235729932785034e-01 1.057315841317176819e-01 3.788196146488189697e-01
-6.784994006156921387e-01 -5.676789283752441406e-01 5.176867246627807617e-01
7.950693964958190918e-01 8.908694237470626831e-02 -3.349363505840301514e-01
-1.072057560086250305e-01 5.020225886255502701e-03 1.170276403427124023e-01
-6.641551852226257324e-01 -2.269158661365509033e-01 5.814720988273620605e-01
7.734104394912719727e-01 -1.049755024723708630e-03 -5.968034863471984863e-01
8.349025249481201172e-01 -5.419158339500427246e-01 2.252590209245681763e-01
8.121865391731262207e-01 8.650696277618408203e-02 -2.594227790832519531e-01
-9.021379947662353516e-01 8.849339932203292847e-02 -1.591050475835800171e-01
6.681009531021118164e-01 -1.814644038677215576e-01 -5.546095967292785645e-01
8.349025249481201172e-01 -5.419158339500427246e-01 2.252590209245681763e-01
-3.909982740879058838e-02 1.059649065136909485e-01 -3.712877035140991211e-01
-7.223487496376037598e-01 -3.259275853633880615e-01 -2.096098810434341431e-01
8.121865391731262207e-01 8.650696277618408203e-02 -2.594227790832519531e-01
-7.977807521820068359e-01 3.935664147138595581e-02 4.135695695877075195e-01
-2.494557201862335205e-01 1.084001213312149048e-01 -3.466295301914215088e-01
-8.284946680068969727e-01 -2.224871665239334106e-01 -1.545179486274719238e-01
-9.034468531608581543e-01 3.937606886029243469e-02 -1.975880116224288940e-01
7.316908240318298340e-02 5.246760323643684387e-02 2.569335103034973145e-01
8.771510124206542969e-01 -3.709162175655364990e-01 2.303372621536254883e-01
-3.349166214466094971e-01 2.234045416116714478e-02 5.120362043380737305e-01
6.714394688606262207e-01 -6.256976723670959473e-01 -4.421669840812683105e-01
9.034794569015502930e-01 2.427960978820919991e-03 2.808755040168762207e-01
-3.417981043457984924e-02 -6.268779933452606201e-02 4.330223500728607178e-01
-7.576766014099121094e-01 -2.836462259292602539e-01 -2.220526486635208130e-01
-9.021379947662353516e-01 8.849339932203292847e-02 -1.591050475835800171e-01
8.349025249481201172e-01 -5.419158339500427246e-01 2.252590209245681763e-01
6.819139122962951660e-01 -5.167630314826965332e-01 -5.074533820152282715e-01
-7.989143133163452148e-01 7.692663371562957764e-02 -2.398406714200973511e-01
