3.187991678714752197e-01 6.127649545669555664e-01 3.858066201210021973e-01
2.737266123294830322e-01 6.775955557823181152e-01 3.919572830200195312e-01
1.193451136350631714e-01 -6.558577418327331543e-01 1.472107172012329102e-01
-3.179852068424224854e-01 -1.094603389501571655e-01 1.189728081226348877e-01
-8.725103735923767090e-02 -7.838741540908813477e-01 -5.900748372077941895e-01
5.094408988952636719e-01 2.641284465789794922e-01 4.410870000720024109e-02
-8.725103735923767090e-02 -7.838741540908813477e-01 -5.900748372077941895e-01
-8.725103735923767090e-02 -7.838741540908813477e-01 -5.900748372077941895e-01
-8.725103735923767090e-02 -7.838741540908813477e-01 -5.900748372077941895e-01
-3.570930957794189453e-01 2.226666063070297241e-01 -1.052839607000350952e-01
2.072758227586746216e-01 7.351933717727661133e-01 4.232651591300964355e-01
-8.725103735923767090e-02 -7.838741540908813477e-01 -5.900748372077941895e-01
9.364484250545501709e-02 7.961066961288452148e-01 4.105410277843475342e-01
-8.450142294168472290e-02 9.145385026931762695e-02 6.538856029510498047e-02
-2.685095369815826416e-01 8.292734622955322266e-01 2.457325905561447144e-01
-4.267217814922332764e-01 2.441200613975524902e-01 -1.060264557600021362e-01
-3.269908726215362549e-01 2.623896002769470215e-01 -8.544730395078659058e-02
-2.075216323137283325e-01 6.707929372787475586e-01 1.703958772122859955e-02
9.364484250545501709e-02 7.961066961288452148e-01 4.105410277843475342e-01
-8.725103735923767090e-02 -7.838741540908813477e-01 -5.900748372077941895e-01
-3.629948794841766357e-01 1.822174340486526489e-01 4.793529957532882690e-02
5.484330058097839355e-01 -8.430055975914001465e-01 -2.792511582374572754e-01
4.243340790271759033e-01 -1.770442575216293335e-01 8.314335346221923828e-02
2.072758227586746216e-01 7.351933717727661133e-01 4.232651591300964355e-01
3.938380777835845947e-01 -8.331669569015502930e-01 2.946671843528747559e-01
2.072758227586746216e-01 7.351933717727661133e-01 4.232651591300964355e-01
-8.725103735923767090e-02 -7.838741540908813477e-01 -5.900748372077941895e-01
-8.725103735923767090e-02 -7.838741540908813477e-01 -5.900748372077941895e-01
-4.430086612701416016e-01 4.254090785980224609e-01 -6.197677552700042725e-02
4.425482153892517090e-01 -8.543401956558227539e-01 -2.642987370491027832e-01
-1.228608936071395874e-01 -8.213412016630172729e-02 -5.770508646965026855e-01
5.484330058097839355e-01 -8.430055975914001465e-01 -2.792511582374572754e-01
-1.480635702610015869e-01 -6.939247250556945801e-01 3.888025581836700439e-01
-8.725103735923767090e-02 -7.838741540908813477e-01 -5.900748372077941895e-01
5.484330058097839355e-01 -8.430055975914001465e-01 -2.792511582374572754e-01
-8.725103735923767090e-02 -7.838741540908813477e-01 -5.900748372077941895e-01
9.364484250545501709e-02 7.961066961288452148e-01 4.105410277843475342e-01
3.187991678714752197e-01 6.127649545669555664e-01 3.858066201210021973e-01
-9.294278174638748169e-02 7.758352160453796387e-01 4.108652174472808838e-01
3.504990413784980774e-02 -7.014181613922119141e-01 -2.998144924640655518e-01
3.187991678714752197e-01 6.127649545669555664e-01 3.858066201210021973e-01
-3.554624319076538086e-01 -2.957375906407833099e-02 -3.064649105072021484e-01
-8.725103735923767090e-02 -7.838741540908813477e-01 -5.900748372077941895e-01
-8.725103735923767090e-02 -7.838741540908813477e-01 -5.900748372077941895e-01
-3.179852068424224854e-01 -1.094603389501571655e-01 1.189728081226348877e-01
-9.294278174638748169e-02 7.758352160453796387e-01 4.108652174472808838e-01
2.072758227586746216e-01 7.351933717727661133e-01 4.232651591300964355e-01
-2.618362307548522949e-01 -7.229343056678771973e-01 4.437282681465148926e-01
-8.725103735923767090e-02 -7.838741540908813477e-01 -5.900748372077941895e-01
3.187991678714752197e-01 6.127649545669555664e-01 3.858066201210021973e-01
4.872005879878997803e-01 -1.021149978041648865e-01 -2.588371634483337402e-01
-2.045577615499496460e-01 1.025209501385688782e-01 2.233873605728149414e-01
2.072758227586746216e-01 7.351933717727661133e-01 4.232651591300964355e-01
2.072758227586746216e-01 7.351933717727661133e-01 4.232651591300964355e-01
-8.725103735923767090e-02 -7.838741540908813477e-01 -5.900748372077941895e-01
9.364484250545501709e-02 7.961066961288452148e-01 4.105410277843475342e-01
6.895723193883895874e-02 -2.049477547407150269e-01 2.160472273826599121e-01
-4.430086612701416016e-01 4.254090785980224609e-01 -6.197677552700042725e-02
2.072758227586746216e-01 7.351933717727661133e-01 4.232651591300964355e-01
1.056150048971176147e-01 -2.108020633459091187e-01 9.946032613515853882e-02
4.931646883487701416e-01 -2.217200212180614471e-02 -3.247025907039642334e-01
2.072758227586746216e-01 7.351933717727661133e-01 4.232651591300964355e-01
9.364484250545501709e-02 7.961066961288452148e-01 4.105410277843475342e-01
-7.911564409732818604e-02 1.755070090293884277e-01 -1.357711735181510448e-03
-8.725103735923767090e-02 -7.838741540908813477e-01 -5.900748372077941895e-01
2.072758227586746216e-01 7.351933717727661133e-01 4.232651591300964355e-01
5.384473204612731934e-01 2.593474090099334717e-01 9.732529520988464355e-03
-4.092814028263092041e-01 8.007310032844543457e-01 1.016440913081169128e-01
-1.624381691217422485e-01 -8.104428648948669434e-01 4.112473428249359131e-01
4.174000024795532227e-01 -7.940889894962310791e-02 -3.733105361461639404e-01
3.187991678714752197e-01 6.127649545669555664e-01 3.858066201210021973e-01
3.187991678714752197e-01 6.127649545669555664e-01 3.858066201210021973e-01
-3.269908726215362549e-01 2.623896002769470215e-01 -8.544730395078659058e-02
-1.014746725559234619e-03 -7.887321114540100098e-01 -5.545265674591064453e-01
-3.118261396884918213e-01 2.600584626197814941e-01 -2.216310650110244751e-01
1.478778570890426636e-01 7.858390212059020996e-01 3.977348804473876953e-01
-4.632995128631591797e-01 6.518799066543579102e-01 -2.786254696547985077e-02
9.364484250545501709e-02 7.961066961288452148e-01 4.105410277843475342e-01
1.961344480514526367e-01 -2.004402875900268555e-01 1.887661218643188477e-01
-2.390106320381164551e-01 1.406995505094528198e-01 2.293904572725296021e-01
-8.725103735923767090e-02 -7.838741540908813477e-01 -5.900748372077941895e-01
4.230992496013641357e-01 -7.617999911308288574e-01 2.973839342594146729e-01
-8.725103735923767090e-02 -7.838741540908813477e-01 -5.900748372077941895e-01
9.364484250545501709e-02 7.961066961288452148e-01 4.105410277843475342e-01
-4.800298810005187988e-01 5.968532562255859375e-01 8.555147796869277954e-02
-4.389681816101074219e-01 2.242372184991836548e-01 -1.010207161307334900e-01
2.072758227586746216e-01 7.351933717727661133e-01 4.232651591300964355e-01
5.484330058097839355e-01 -8.430055975914001465e-01 -2.792511582374572754e-01
-6.762387603521347046e-02 8.258891105651855469e-01 3.228397071361541748e-01
5.484330058097839355e-01 -8.430055975914001465e-01 -2.792511582374572754e-01
1.654542386531829834e-01 -3.300805389881134033e-02 -5.461527109146118164e-01
-4.879491627216339111e-01 -8.089484572410583496e-01 -9.487176686525344849e-02
2.072758227586746216e-01 7.351933717727661133e-01 4.232651591300964355e-01
-8.725103735923767090e-02 -7.838741540908813477e-01 -5.900748372077941895e-01
-8.725103735923767090e-02 -7.838741540908813477e-01 -5.900748372077941895e-01
-8.725103735923767090e-02 -7.838741540908813477e-01 -5.900748372077941895e-01
-3.467382788658142090e-01 2.071279138326644897e-01 -3.790348172187805176e-01
-3.742049634456634521e-01 7.814292311668395996e-01 1.829817593097686768e-01
-8.725103735923767090e-02 -7.838741540908813477e-01 -5.900748372077941895e-01
-8.725103735923767090e-02 -7.838741540908813477e-01 -5.900748372077941895e-01
9.364484250545501709e-02 7.961066961288452148e-01 4.105410277843475342e-01
-8.725103735923767090e-02 -7.838741540908813477e-01 -5.900748372077941895e-01
4.298325181007385254e-01 1.137082353234291077e-01 3.184053581207990646e-03
-4.088658094406127930e-01 4.788388013839721680e-01 -4.197590798139572144e-02
3.996948301792144775e-01 -7.547634243965148926e-01 3.389152884483337402e-01
-3.479429781436920166e-01 7.892771959304809570e-01 2.549104094505310059e-01
3.187991678714752197e-01 6.127649545669555664e-01 3.858066201210021973e-01
5.484330058097839355e-01 -8.430055975914001465e-01 -2.792511582374572754e-01
1.478778570890426636e-01 7.858390212059020996e-01 3.977348804473876953e-01
5.484330058097839355e-01 -8.430055975914001465e-01 -2.792511582374572754e-01
-8.725103735923767090e-02 -7.838741540908813477e-01 -5.900748372077941895e-01
2.072758227586746216e-01 7.351933717727661133e-01 4.232651591300964355e-01
4.174000024795532227e-01 -7.940889894962310791e-02 -3.733105361461639404e-01
-8.725103735923767090e-02 -7.838741540908813477e-01 -5.900748372077941895e-01
-4.590565264225006104e-01 7.145754694938659668e-01 1.630390733480453491e-01
4.489742219448089600e-02 7.987150549888610840e-01 3.142757117748260498e-01
3.938380777835845947e-01 -8.331669569015502930e-01 2.946671843528747559e-01
2.278001457452774048e-01 1.113628521561622620e-01 2.908903658390045166e-01
2.064675241708755493e-01 7.495573163032531738e-01 4.025533497333526611e-01
9.364484250545501709e-02 7.961066961288452148e-01 4.105410277843475342e-01
-3.778505921363830566e-01 -5.411007255315780640e-02 -7.043827325105667114e-02
1.478778570890426636e-01 7.858390212059020996e-01 3.977348804473876953e-01
3.906831443309783936e-01 5.436309613287448883e-03 -3.204172253608703613e-01
-8.725103735923767090e-02 -7.838741540908813477e-01 -5.900748372077941895e-01
-8.725103735923767090e-02 -7.838741540908813477e-01 -5.900748372077941895e-01
-8.725103735923767090e-02 -7.838741540908813477e-01 -5.900748372077941895e-01
3.187991678714752197e-01 6.127649545669555664e-01 3.858066201210021973e-01
-7.397761940956115723e-02 -8.080615401268005371e-01 -5.320093631744384766e-01
-8.725103735923767090e-02 -7.838741540908813477e-01 -5.900748372077941895e-01
-2.685095369815826416e-01 8.292734622955322266e-01 2.457325905561447144e-01
2.737266123294830322e-01 6.775955557823181152e-01 3.919572830200195312e-01
-4.430086612701416016e-01 4.254090785980224609e-01 -6.197677552700042725e-02
-8.725103735923767090e-02 -7.838741540908813477e-01 -5.900748372077941895e-01
9.364484250545501709e-02 7.961066961288452148e-01 4.105410277843475342e-01
9.364484250545501709e-02 7.961066961288452148e-01 4.105410277843475342e-01
-8.725103735923767090e-02 -7.838741540908813477e-01 -5.900748372077941895e-01
-8.725103735923767090e-02 -7.838741540908813477e-01 -5.900748372077941895e-01
-4.430086612701416016e-01 4.254090785980224609e-01 -6.197677552700042725e-02
2.072758227586746216e-01 7.351933717727661133e-01 4.232651591300964355e-01
-3.479429781436920166e-01 7.892771959304809570e-01 2.549104094505310059e-01
-2.516175210475921631e-01 2.341212332248687744e-02 2.232049256563186646e-01
-8.725103735923767090e-02 -7.838741540908813477e-01 -5.900748372077941895e-01
-4.203810691833496094e-01 3.036524951457977295e-01 -1.025691814720630646e-02
-8.725103735923767090e-02 -7.838741540908813477e-01 -5.900748372077941895e-01
-8.725103735923767090e-02 -7.838741540908813477e-01 -5.900748372077941895e-01
2.072758227586746216e-01 7.351933717727661133e-01 4.232651591300964355e-01
-8.725103735923767090e-02 -7.838741540908813477e-01 -5.900748372077941895e-01
9.364484250545501709e-02 7.961066961288452148e-01 4.105410277843475342e-01
4.091863632202148438e-01 -8.068427443504333496e-01 2.590145170688629150e-01
9.364484250545501709e-02 7.961066961288452148e-01 4.105410277843475342e-01
-3.418904840946197510e-01 2.800232172012329102e-01 -3.922668993473052979e-01
-8.725103735923767090e-02 -7.838741540908813477e-01 -5.900748372077941895e-01
-4.092814028263092041e-01 8.007310032844543457e-01 1.016440913081169128e-01
-3.479429781436920166e-01 7.892771959304809570e-01 2.549104094505310059e-01
-8.725103735923767090e-02 -7.838741540908813477e-01 -5.900748372077941895e-01
3.187991678714752197e-01 6.127649545669555664e-01 3.858066201210021973e-01
1.478778570890426636e-01 7.858390212059020996e-01 3.977348804473876953e-01
2.072758227586746216e-01 7.351933717727661133e-01 4.232651591300964355e-01
3.930184245109558105e-01 -5.806131288409233093e-02 -3.427746593952178955e-01
4.230992496013641357e-01 -7.617999911308288574e-01 2.973839342594146729e-01
3.187991678714752197e-01 6.127649545669555664e-01 3.858066201210021973e-01
1.478778570890426636e-01 7.858390212059020996e-01 3.977348804473876953e-01
2.072758227586746216e-01 7.351933717727661133e-01 4.232651591300964355e-01
-4.092814028263092041e-01 8.007310032844543457e-01 1.016440913081169128e-01
3.177246153354644775e-01 4.283677414059638977e-02 3.342491015791893005e-02
-8.725103735923767090e-02 -7.838741540908813477e-01 -5.900748372077941895e-01
-8.725103735923767090e-02 -7.838741540908813477e-01 -5.900748372077941895e-01
-8.725103735923767090e-02 -7.838741540908813477e-01 -5.900748372077941895e-01
3.424074351787567139e-01 1.769662201404571533e-01 3.020896911621093750e-01
-8.725103735923767090e-02 -7.838741540908813477e-01 -5.900748372077941895e-01
2.072758227586746216e-01 7.351933717727661133e-01 4.232651591300964355e-01
-8.725103735923767090e-02 -7.838741540908813477e-01 -5.900748372077941895e-01
-4.430086612701416016e-01 4.254090785980224609e-01 -6.197677552700042725e-02
-8.725103735923767090e-02 -7.838741540908813477e-01 -5.900748372077941895e-01
2.072758227586746216e-01 7.351933717727661133e-01 4.232651591300964355e-01
-8.725103735923767090e-02 -7.838741540908813477e-01 -5.900748372077941895e-01
5.484330058097839355e-01 -8.430055975914001465e-01 -2.792511582374572754e-01
-8.725103735923767090e-02 -7.838741540908813477e-01 -5.900748372077941895e-01
-8.725103735923767090e-02 -7.838741540908813477e-01 -5.900748372077941895e-01
-9.294278174638748169e-02 7.758352160453796387e-01 4.108652174472808838e-01
-1.562214791774749756e-01 -7.697153091430664062e-01 4.121040403842926025e-01
1.478778570890426636e-01 7.858390212059020996e-01 3.977348804473876953e-01
4.091863632202148438e-01 -8.068427443504333496e-01 2.590145170688629150e-01
-2.338142544031143188e-01 7.951598763465881348e-01 2.900584638118743896e-01
-8.725103735923767090e-02 -7.838741540908813477e-01 -5.900748372077941895e-01
3.232150673866271973e-01 4.897523820400238037e-01 3.226930499076843262e-01
3.187991678714752197e-01 6.127649545669555664e-01 3.858066201210021973e-01
-2.685095369815826416e-01 8.292734622955322266e-01 2.457325905561447144e-01
-4.632995128631591797e-01 6.518799066543579102e-01 -2.786254696547985077e-02
5.484330058097839355e-01 -8.430055975914001465e-01 -2.792511582374572754e-01
-4.117362499237060547e-01 8.914484828710556030e-02 -1.106863562017679214e-02
2.700396999716758728e-02 1.563447900116443634e-02 -5.756857395172119141e-01
9.364484250545501709e-02 7.961066961288452148e-01 4.105410277843475342e-01
-8.725103735923767090e-02 -7.838741540908813477e-01 -5.900748372077941895e-01
9.364484250545501709e-02 7.961066961288452148e-01 4.105410277843475342e-01
-1.679943352937698364e-01 -1.696488857269287109e-01 2.032579928636550903e-01
-8.725103735923767090e-02 -7.838741540908813477e-01 -5.900748372077941895e-01
9.364484250545501709e-02 7.961066961288452148e-01 4.105410277843475342e-01
2.072758227586746216e-01 7.351933717727661133e-01 4.232651591300964355e-01
-3.479429781436920166e-01 7.892771959304809570e-01 2.549104094505310059e-01
-4.203810691833496094e-01 3.036524951457977295e-01 -1.025691814720630646e-02
3.996948301792144775e-01 -7.547634243965148926e-01 3.389152884483337402e-01
3.996948301792144775e-01 -7.547634243965148926e-01 3.389152884483337402e-01
-8.725103735923767090e-02 -7.838741540908813477e-01 -5.900748372077941895e-01
-8.725103735923767090e-02 -7.838741540908813477e-01 -5.900748372077941895e-01
-4.879491627216339111e-01 -8.089484572410583496e-01 -9.487176686525344849e-02
-4.092814028263092041e-01 8.007310032844543457e-01 1.016440913081169128e-01
-1.014746725559234619e-03 -7.887321114540100098e-01 -5.545265674591064453e-01
-3.820414189249277115e-03 7.281929254531860352e-02 -1.192654371261596680e-01
-8.779125660657882690e-02 -1.286417543888092041e-01 2.392837256193161011e-01
3.996948301792144775e-01 -7.547634243965148926e-01 3.389152884483337402e-01
-8.725103735923767090e-02 -7.838741540908813477e-01 -5.900748372077941895e-01
-2.685095369815826416e-01 8.292734622955322266e-01 2.457325905561447144e-01
-4.590565264225006104e-01 7.145754694938659668e-01 1.630390733480453491e-01
-8.725103735923767090e-02 -7.838741540908813477e-01 -5.900748372077941895e-01
-3.058866262435913086e-01 1.275583505630493164e-01 -2.699072845280170441e-02
-8.725103735923767090e-02 -7.838741540908813477e-01 -5.900748372077941895e-01
-8.725103735923767090e-02 -7.838741540908813477e-01 -5.900748372077941895e-01
9.364484250545501709e-02 7.961066961288452148e-01 4.105410277843475342e-01
2.072758227586746216e-01 7.351933717727661133e-01 4.232651591300964355e-01
4.152793884277343750e-01 -1.439788658171892166e-02 -3.456011116504669189e-01
-8.725103735923767090e-02 -7.838741540908813477e-01 -5.900748372077941895e-01
-3.086157441139221191e-01 1.164373159408569336e-01 1.608834713697433472e-01
3.187991678714752197e-01 6.127649545669555664e-01 3.858066201210021973e-01
6.895723193883895874e-02 -2.049477547407150269e-01 2.160472273826599121e-01
-8.725103735923767090e-02 -7.838741540908813477e-01 -5.900748372077941895e-01
-8.725103735923767090e-02 -7.838741540908813477e-01 -5.900748372077941895e-01
-4.219457805156707764e-01 1.849620789289474487e-01 -9.904550760984420776e-02
-3.061853647232055664e-01 8.092031478881835938e-01 1.707229614257812500e-01
3.660100102424621582e-01 -6.827383041381835938e-01 3.190616071224212646e-01
3.187991678714752197e-01 6.127649545669555664e-01 3.858066201210021973e-01
-4.730931520462036133e-01 -7.752665877342224121e-01 -1.749960035085678101e-01
-2.685095369815826416e-01 8.292734622955322266e-01 2.457325905561447144e-01
-4.590565264225006104e-01 7.145754694938659668e-01 1.630390733480453491e-01
-5.091643333435058594e-01 -6.938320994377136230e-01 -1.303207725286483765e-01
-4.632995128631591797e-01 6.518799066543579102e-01 -2.786254696547985077e-02
-2.685095369815826416e-01 8.292734622955322266e-01 2.457325905561447144e-01
1.850760877132415771e-01 -6.213161349296569824e-01 -1.473436802625656128e-01
-6.738302297890186310e-03 -7.853274941444396973e-01 -7.060714811086654663e-02
-8.725103735923767090e-02 -7.838741540908813477e-01 -5.900748372077941895e-01
-4.092814028263092041e-01 8.007310032844543457e-01 1.016440913081169128e-01
3.938380777835845947e-01 -8.331669569015502930e-01 2.946671843528747559e-01
2.072758227586746216e-01 7.351933717727661133e-01 4.232651591300964355e-01
-3.479429781436920166e-01 7.892771959304809570e-01 2.549104094505310059e-01
-2.056479454040527344e-01 1.594274491071701050e-02 -4.986312687397003174e-01
2.072758227586746216e-01 7.351933717727661133e-01 4.232651591300964355e-01
-8.725103735923767090e-02 -7.838741540908813477e-01 -5.900748372077941895e-01
-8.725103735923767090e-02 -7.838741540908813477e-01 -5.900748372077941895e-01
9.364484250545501709e-02 7.961066961288452148e-01 4.105410277843475342e-01
-8.725103735923767090e-02 -7.838741540908813477e-01 -5.900748372077941895e-01
-8.725103735923767090e-02 -7.838741540908813477e-01 -5.900748372077941895e-01
-8.725103735923767090e-02 -7.838741540908813477e-01 -5.900748372077941895e-01
-8.725103735923767090e-02 -7.838741540908813477e-01 -5.900748372077941895e-01
-4.632995128631591797e-01 6.518799066543579102e-01 -2.786254696547985077e-02
-8.725103735923767090e-02 -7.838741540908813477e-01 -5.900748372077941895e-01
4.697133004665374756e-01 4.231877624988555908e-02 9.658382833003997803e-02
-2.079766541719436646e-01 2.681132964789867401e-02 -2.371194958686828613e-02
-8.725103735923767090e-02 -7.838741540908813477e-01 -5.900748372077941895e-01
4.697133004665374756e-01 4.231877624988555908e-02 9.658382833003997803e-02
-2.412445098161697388e-01 -2.514358758926391602e-01 6.375461816787719727e-02
1.643081009387969971e-01 5.373892560601234436e-02 -1.339021921157836914e-01
2.072758227586746216e-01 7.351933717727661133e-01 4.232651591300964355e-01
9.364484250545501709e-02 7.961066961288452148e-01 4.105410277843475342e-01
9.364484250545501709e-02 7.961066961288452148e-01 4.105410277843475342e-01
-2.685095369815826416e-01 8.292734622955322266e-01 2.457325905561447144e-01
9.364484250545501709e-02 7.961066961288452148e-01 4.105410277843475342e-01
-4.416462779045104980e-01 2.009172737598419189e-01 -1.419535577297210693e-01
4.230992496013641357e-01 -7.617999911308288574e-01 2.973839342594146729e-01
-4.646454453468322754e-01 -8.232731223106384277e-01 -1.598815023899078369e-01
-1.027067899703979492e-01 -7.726160287857055664e-01 -5.744124054908752441e-01
-8.725103735923767090e-02 -7.838741540908813477e-01 -5.900748372077941895e-01
4.230992496013641357e-01 -7.617999911308288574e-01 2.973839342594146729e-01
-8.725103735923767090e-02 -7.838741540908813477e-01 -5.900748372077941895e-01
-2.481262832880020142e-01 -8.211608976125717163e-02 1.667467653751373291e-01
-4.646454453468322754e-01 -8.232731223106384277e-01 -1.598815023899078369e-01
-3.467382788658142090e-01 2.071279138326644897e-01 -3.790348172187805176e-01
-3.094055354595184326e-01 3.827908337116241455e-01 1.941249221563339233e-01
-8.725103735923767090e-02 -7.838741540908813477e-01 -5.900748372077941895e-01
5.484330058097839355e-01 -8.430055975914001465e-01 -2.792511582374572754e-01
-8.725103735923767090e-02 -7.838741540908813477e-01 -5.900748372077941895e-01
-4.590565264225006104e-01 7.145754694938659668e-01 1.630390733480453491e-01
-2.337988018989562988e-01 4.717224836349487305e-02 2.535474300384521484e-01
-2.685095369815826416e-01 8.292734622955322266e-01 2.457325905561447144e-01
5.484330058097839355e-01 -8.430055975914001465e-01 -2.792511582374572754e-01
2.072758227586746216e-01 7.351933717727661133e-01 4.232651591300964355e-01
-2.332404404878616333e-01 -3.308296576142311096e-02 2.028627842664718628e-01
9.364484250545501709e-02 7.961066961288452148e-01 4.105410277843475342e-01
4.755269885063171387e-01 1.276235133409500122e-01 1.000678166747093201e-01
1.672245264053344727e-01 1.554316002875566483e-02 -2.013348639011383057e-01
-4.430086612701416016e-01 4.254090785980224609e-01 -6.197677552700042725e-02
3.938380777835845947e-01 -8.331669569015502930e-01 2.946671843528747559e-01
-8.725103735923767090e-02 -7.838741540908813477e-01 -5.900748372077941895e-01
-8.725103735923767090e-02 -7.838741540908813477e-01 -5.900748372077941895e-01
-2.764640450477600098e-01 2.360974699258804321e-01 -6.814076751470565796e-02
5.484330058097839355e-01 -8.430055975914001465e-01 -2.792511582374572754e-01
9.364484250545501709e-02 7.961066961288452148e-01 4.105410277843475342e-01
-1.013286486268043518e-01 7.920194864273071289e-01 3.798215389251708984e-01
2.072758227586746216e-01 7.351933717727661133e-01 4.232651591300964355e-01
-8.725103735923767090e-02 -7.838741540908813477e-01 -5.900748372077941895e-01
9.132751077413558960e-02 1.492980774492025375e-02 3.731193840503692627e-01
4.870955646038055420e-01 2.872823476791381836e-01 7.035415619611740112e-02
9.364484250545501709e-02 7.961066961288452148e-01 4.105410277843475342e-01
3.996948301792144775e-01 -7.547634243965148926e-01 3.389152884483337402e-01
4.243340790271759033e-01 -1.770442575216293335e-01 8.314335346221923828e-02
3.187991678714752197e-01 6.127649545669555664e-01 3.858066201210021973e-01
4.489742219448089600e-02 7.987150549888610840e-01 3.142757117748260498e-01
9.364484250545501709e-02 7.961066961288452148e-01 4.105410277843475342e-01
1.478778570890426636e-01 7.858390212059020996e-01 3.977348804473876953e-01
1.478778570890426636e-01 7.858390212059020996e-01 3.977348804473876953e-01
-2.685095369815826416e-01 8.292734622955322266e-01 2.457325905561447144e-01
2.072758227586746216e-01 7.351933717727661133e-01 4.232651591300964355e-01
-8.725103735923767090e-02 -7.838741540908813477e-01 -5.900748372077941895e-01
-1.014746725559234619e-03 -7.887321114540100098e-01 -5.545265674591064453e-01
-3.200396895408630371e-01 -1.151674389839172363e-01 -3.056629560887813568e-02
2.332367897033691406e-01 -7.192844990640878677e-03 -3.610813021659851074e-01
-3.269908726215362549e-01 2.623896002769470215e-01 -8.544730395078659058e-02
9.364484250545501709e-02 7.961066961288452148e-01 4.105410277843475342e-01
3.771026432514190674e-01 -8.833750337362289429e-02 -3.967142999172210693e-01
2.072758227586746216e-01 7.351933717727661133e-01 4.232651591300964355e-01
-3.977098166942596436e-01 -2.414697408676147461e-02 9.522943943738937378e-02
5.484330058097839355e-01 -8.430055975914001465e-01 -2.792511582374572754e-01
-8.725103735923767090e-02 -7.838741540908813477e-01 -5.900748372077941895e-01
-3.942027986049652100e-01 -5.349963903427124023e-02 -3.111325204372406006e-02
-8.725103735923767090e-02 -7.838741540908813477e-01 -5.900748372077941895e-01
-8.725103735923767090e-02 -7.838741540908813477e-01 -5.900748372077941895e-01
-2.045577615499496460e-01 1.025209501385688782e-01 2.233873605728149414e-01
-8.725103735923767090e-02 -7.838741540908813477e-01 -5.900748372077941895e-01
-4.430086612701416016e-01 4.254090785980224609e-01 -6.197677552700042725e-02
-4.291017949581146240e-01 2.619783580303192139e-01 -1.431174725294113159e-01
-8.725103735923767090e-02 -7.838741540908813477e-01 -5.900748372077941895e-01
-4.203810691833496094e-01 3.036524951457977295e-01 -1.025691814720630646e-02
-2.685095369815826416e-01 8.292734622955322266e-01 2.457325905561447144e-01
3.187991678714752197e-01 6.127649545669555664e-01 3.858066201210021973e-01
2.072758227586746216e-01 7.351933717727661133e-01 4.232651591300964355e-01
-8.725103735923767090e-02 -7.838741540908813477e-01 -5.900748372077941895e-01
3.969335854053497314e-01 2.184748649597167969e-03 -2.875520586967468262e-01
-8.725103735923767090e-02 -7.838741540908813477e-01 -5.900748372077941895e-01
-1.014746725559234619e-03 -7.887321114540100098e-01 -5.545265674591064453e-01
-4.730931520462036133e-01 -7.752665877342224121e-01 -1.749960035085678101e-01
2.072758227586746216e-01 7.351933717727661133e-01 4.232651591300964355e-01
1.303676813840866089e-01 -9.637890011072158813e-02 2.929539084434509277e-01
-8.725103735923767090e-02 -7.838741540908813477e-01 -5.900748372077941895e-01
-8.725103735923767090e-02 -7.838741540908813477e-01 -5.900748372077941895e-01
-4.430086612701416016e-01 4.254090785980224609e-01 -6.197677552700042725e-02
9.364484250545501709e-02 7.961066961288452148e-01 4.105410277843475342e-01
-8.725103735923767090e-02 -7.838741540908813477e-01 -5.900748372077941895e-01
3.187991678714752197e-01 6.127649545669555664e-01 3.858066201210021973e-01
7.095880806446075439e-02 -1.082492470741271973e-01 2.841884493827819824e-01
3.515428304672241211e-01 -2.243803888559341431e-01 7.216574996709823608e-02
2.072758227586746216e-01 7.351933717727661133e-01 4.232651591300964355e-01
2.072758227586746216e-01 7.351933717727661133e-01 4.232651591300964355e-01
2.454228848218917847e-01 -2.161653041839599609e-01 1.611617952585220337e-01
-3.629948794841766357e-01 1.822174340486526489e-01 4.793529957532882690e-02
-8.725103735923767090e-02 -7.838741540908813477e-01 -5.900748372077941895e-01
-9.496879577636718750e-02 8.468241691589355469e-01 2.756359279155731201e-01
-7.627578079700469971e-02 -2.235930562019348145e-01 4.924409836530685425e-02
-8.725103735923767090e-02 -7.838741540908813477e-01 -5.900748372077941895e-01
-8.725103735923767090e-02 -7.838741540908813477e-01 -5.900748372077941895e-01
5.239097476005554199e-01 -7.360031604766845703e-01 -2.670720219612121582e-01
-3.554624319076538086e-01 -2.957375906407833099e-02 -3.064649105072021484e-01
-3.467382788658142090e-01 2.071279138326644897e-01 -3.790348172187805176e-01
-1.014746725559234619e-03 -7.887321114540100098e-01 -5.545265674591064453e-01
9.364484250545501709e-02 7.961066961288452148e-01 4.105410277843475342e-01
9.364484250545501709e-02 7.961066961288452148e-01 4.105410277843475342e-01
2.072758227586746216e-01 7.351933717727661133e-01 4.232651591300964355e-01
9.364484250545501709e-02 7.961066961288452148e-01 4.105410277843475342e-01
5.484330058097839355e-01 -8.430055975914001465e-01 -2.792511582374572754e-01
-3.377615213394165039e-01 -1.857371479272842407e-01 -3.041931986808776855e-01
3.996948301792144775e-01 -7.547634243965148926e-01 3.389152884483337402e-01
-7.397761940956115723e-02 -8.080615401268005371e-01 -5.320093631744384766e-01
4.876197576522827148e-01 6.394846737384796143e-02 -1.184572950005531311e-01
2.072758227586746216e-01 7.351933717727661133e-01 4.232651591300964355e-01
-4.730931520462036133e-01 -7.752665877342224121e-01 -1.749960035085678101e-01
4.230992496013641357e-01 -7.617999911308288574e-01 2.973839342594146729e-01
-8.725103735923767090e-02 -7.838741540908813477e-01 -5.900748372077941895e-01
1.667765714228153229e-02 -8.464930206537246704e-02 3.015674948692321777e-01
-9.294278174638748169e-02 7.758352160453796387e-01 4.108652174472808838e-01
-8.725103735923767090e-02 -7.838741540908813477e-01 -5.900748372077941895e-01
1.827353686094284058e-01 -2.630957067012786865e-01 1.645991653203964233e-01
-3.603289127349853516e-01 3.936080634593963623e-01 -1.095996871590614319e-01
9.364484250545501709e-02 7.961066961288452148e-01 4.105410277843475342e-01
-8.725103735923767090e-02 -7.838741540908813477e-01 -5.900748372077941895e-01
-8.725103735923767090e-02 -7.838741540908813477e-01 -5.900748372077941895e-01
2.064675241708755493e-01 7.495573163032531738e-01 4.025533497333526611e-01
-3.105967044830322266e-01 2.106200456619262695e-01 -2.515798807144165039e-02
1.038134172558784485e-01 -7.447855472564697266e-01 9.350411593914031982e-02
3.187991678714752197e-01 6.127649545669555664e-01 3.858066201210021973e-01
-8.725103735923767090e-02 -7.838741540908813477e-01 -5.900748372077941895e-01
2.484333962202072144e-01 -2.316267639398574829e-01 2.844698131084442139e-01
9.364484250545501709e-02 7.961066961288452148e-01 4.105410277843475342e-01
-8.725103735923767090e-02 -7.838741540908813477e-01 -5.900748372077941895e-01
3.187991678714752197e-01 6.127649545669555664e-01 3.858066201210021973e-01
4.506287574768066406e-01 -8.044143915176391602e-01 -3.202243745326995850e-01
-8.725103735923767090e-02 -7.838741540908813477e-01 -5.900748372077941895e-01
-8.725103735923767090e-02 -7.838741540908813477e-01 -5.900748372077941895e-01
-3.837595880031585693e-01 1.029987260699272156e-01 4.379688203334808350e-02
-8.725103735923767090e-02 -7.838741540908813477e-01 -5.900748372077941895e-01
-1.940447986125946045e-01 7.629781961441040039e-01 3.493169248104095459e-01
-8.725103735923767090e-02 -7.838741540908813477e-01 -5.900748372077941895e-01
9.364484250545501709e-02 7.961066961288452148e-01 4.105410277843475342e-01
-8.725103735923767090e-02 -7.838741540908813477e-01 -5.900748372077941895e-01
5.484330058097839355e-01 -8.430055975914001465e-01 -2.792511582374572754e-01
3.938380777835845947e-01 -8.331669569015502930e-01 2.946671843528747559e-01
-4.413691908121109009e-02 -2.160871326923370361e-01 1.650080531835556030e-01
-9.175160527229309082e-02 -1.937552988529205322e-01 1.336354017257690430e-01
5.384473204612731934e-01 2.593474090099334717e-01 9.732529520988464355e-03
2.072758227586746216e-01 7.351933717727661133e-01 4.232651591300964355e-01
-4.730931520462036133e-01 -7.752665877342224121e-01 -1.749960035085678101e-01
-3.849946260452270508e-01 2.265571802854537964e-01 -2.865286767482757568e-01
-2.417605370283126831e-01 -7.932280898094177246e-01 3.563260138034820557e-01
-8.725103735923767090e-02 -7.838741540908813477e-01 -5.900748372077941895e-01
-9.294278174638748169e-02 7.758352160453796387e-01 4.108652174472808838e-01
-8.725103735923767090e-02 -7.838741540908813477e-01 -5.900748372077941895e-01
1.331306342035531998e-02 -6.144681572914123535e-02 -5.953598618507385254e-01
9.364484250545501709e-02 7.961066961288452148e-01 4.105410277843475342e-01
-3.269908726215362549e-01 2.623896002769470215e-01 -8.544730395078659058e-02
3.187991678714752197e-01 6.127649545669555664e-01 3.858066201210021973e-01
9.364484250545501709e-02 7.961066961288452148e-01 4.105410277843475342e-01
9.364484250545501709e-02 7.961066961288452148e-01 4.105410277843475342e-01
4.230992496013641357e-01 -7.617999911308288574e-01 2.973839342594146729e-01
-8.725103735923767090e-02 -7.838741540908813477e-01 -5.900748372077941895e-01
2.072758227586746216e-01 7.351933717727661133e-01 4.232651591300964355e-01
-8.725103735923767090e-02 -7.838741540908813477e-01 -5.900748372077941895e-01
-2.174162305891513824e-02 4.215872287750244141e-02 3.684497252106666565e-02
-3.933035731315612793e-01 2.615700662136077881e-01 -2.943724393844604492e-01
2.072758227586746216e-01 7.351933717727661133e-01 4.232651591300964355e-01
-3.418904840946197510e-01 2.800232172012329102e-01 -3.922668993473052979e-01
-8.725103735923767090e-02 -7.838741540908813477e-01 -5.900748372077941895e-01
-8.725103735923767090e-02 -7.838741540908813477e-01 -5.900748372077941895e-01
-9.294278174638748169e-02 7.758352160453796387e-01 4.108652174472808838e-01
-8.725103735923767090e-02 -7.838741540908813477e-01 -5.900748372077941895e-01
2.072758227586746216e-01 7.351933717727661133e-01 4.232651591300964355e-01
-2.685095369815826416e-01 8.292734622955322266e-01 2.457325905561447144e-01
9.364484250545501709e-02 7.961066961288452148e-01 4.105410277843475342e-01
-2.207069993019104004e-01 -8.379034698009490967e-02 -1.993125826120376587e-01
5.484330058097839355e-01 -8.430055975914001465e-01 -2.792511582374572754e-01
-1.624381691217422485e-01 -8.104428648948669434e-01 4.112473428249359131e-01
2.072758227586746216e-01 7.351933717727661133e-01 4.232651591300964355e-01
-3.399334847927093506e-01 3.063608426600694656e-03 1.028114855289459229e-01
9.364484250545501709e-02 7.961066961288452148e-01 4.105410277843475342e-01
4.697133004665374756e-01 4.231877624988555908e-02 9.658382833003997803e-02
-8.731982856988906860e-02 -8.393136411905288696e-02 2.986381053924560547e-01
1.478778570890426636e-01 7.858390212059020996e-01 3.977348804473876953e-01
-8.725103735923767090e-02 -7.838741540908813477e-01 -5.900748372077941895e-01
3.927333950996398926e-01 4.843553993850946426e-03 -3.911985754966735840e-01
-3.479429781436920166e-01 7.892771959304809570e-01 2.549104094505310059e-01
-5.325946956872940063e-02 2.423807829618453979e-01 3.829506412148475647e-02
4.872005879878997803e-01 -1.021149978041648865e-01 -2.588371634483337402e-01
3.187991678714752197e-01 6.127649545669555664e-01 3.858066201210021973e-01
-8.725103735923767090e-02 -7.838741540908813477e-01 -5.900748372077941895e-01
4.506287574768066406e-01 -8.044143915176391602e-01 -3.202243745326995850e-01
3.187991678714752197e-01 6.127649545669555664e-01 3.858066201210021973e-01
4.551411867141723633e-01 -1.137429177761077881e-01 1.022813841700553894e-01
-8.725103735923767090e-02 -7.838741540908813477e-01 -5.900748372077941895e-01
-3.554624319076538086e-01 -2.957375906407833099e-02 -3.064649105072021484e-01
-8.725103735923767090e-02 -7.838741540908813477e-01 -5.900748372077941895e-01
-2.012670636177062988e-01 -6.731908321380615234e-01 4.154387712478637695e-01
2.072758227586746216e-01 7.351933717727661133e-01 4.232651591300964355e-01
2.792544364929199219e-01 4.546782746911048889e-02 -2.351556159555912018e-02
3.187991678714752197e-01 6.127649545669555664e-01 3.858066201210021973e-01
2.072758227586746216e-01 7.351933717727661133e-01 4.232651591300964355e-01
3.243663012981414795e-01 -8.157141208648681641e-01 2.594288289546966553e-01
-1.697763353586196899e-01 2.424190342426300049e-01 -2.656710520386695862e-02
3.771026432514190674e-01 -8.833750337362289429e-02 -3.967142999172210693e-01
-4.291017949581146240e-01 2.619783580303192139e-01 -1.431174725294113159e-01
1.219335384666919708e-02 3.173835948109626770e-02 -3.900664672255516052e-02
2.072758227586746216e-01 7.351933717727661133e-01 4.232651591300964355e-01
-9.294278174638748169e-02 7.758352160453796387e-01 4.108652174472808838e-01
2.072758227586746216e-01 7.351933717727661133e-01 4.232651591300964355e-01
-2.045577615499496460e-01 1.025209501385688782e-01 2.233873605728149414e-01
4.091863632202148438e-01 -8.068427443504333496e-01 2.590145170688629150e-01
-8.725103735923767090e-02 -7.838741540908813477e-01 -5.900748372077941895e-01
2.072758227586746216e-01 7.351933717727661133e-01 4.232651591300964355e-01
2.072758227586746216e-01 7.351933717727661133e-01 4.232651591300964355e-01
4.276919960975646973e-01 -6.200762465596199036e-02 -2.715246975421905518e-01
2.188800722360610962e-01 -2.327502220869064331e-01 1.372746676206588745e-01
-8.725103735923767090e-02 -7.838741540908813477e-01 -5.900748372077941895e-01
-1.014746725559234619e-03 -7.887321114540100098e-01 -5.545265674591064453e-01
-1.634700000286102295e-01 -3.019877523183822632e-02 -5.731786489486694336e-01
-8.725103735923767090e-02 -7.838741540908813477e-01 -5.900748372077941895e-01
9.364484250545501709e-02 7.961066961288452148e-01 4.105410277843475342e-01
-8.725103735923767090e-02 -7.838741540908813477e-01 -5.900748372077941895e-01
3.938380777835845947e-01 -8.331669569015502930e-01 2.946671843528747559e-01
-2.377425134181976318e-01 4.152449965476989746e-02 2.553457915782928467e-01
-8.725103735923767090e-02 -7.838741540908813477e-01 -5.900748372077941895e-01
-4.416462779045104980e-01 2.009172737598419189e-01 -1.419535577297210693e-01
-5.146264433860778809e-01 -7.453499436378479004e-01 -1.115904524922370911e-01
4.551411867141723633e-01 -1.137429177761077881e-01 1.022813841700553894e-01
1.110368892550468445e-01 2.589686773717403412e-02 -9.318250417709350586e-02
4.230992496013641357e-01 -7.617999911308288574e-01 2.973839342594146729e-01
4.243340790271759033e-01 -1.770442575216293335e-01 8.314335346221923828e-02
-8.725103735923767090e-02 -7.838741540908813477e-01 -5.900748372077941895e-01
-8.725103735923767090e-02 -7.838741540908813477e-01 -5.900748372077941895e-01
-8.725103735923767090e-02 -7.838741540908813477e-01 -5.900748372077941895e-01
1.937372726388275623e-03 -1.252427697181701660e-01 -5.516235828399658203e-01
-3.720846176147460938e-01 3.583991825580596924e-01 1.086751669645309448e-01
9.364484250545501709e-02 7.961066961288452148e-01 4.105410277843475342e-01
-3.377615213394165039e-01 -1.857371479272842407e-01 -3.041931986808776855e-01
4.870955646038055420e-01 2.872823476791381836e-01 7.035415619611740112e-02
2.072758227586746216e-01 7.351933717727661133e-01 4.232651591300964355e-01
-1.634700000286102295e-01 -3.019877523183822632e-02 -5.731786489486694336e-01
2.072758227586746216e-01 7.351933717727661133e-01 4.232651591300964355e-01
3.187991678714752197e-01 6.127649545669555664e-01 3.858066201210021973e-01
9.364484250545501709e-02 7.961066961288452148e-01 4.105410277843475342e-01
-8.725103735923767090e-02 -7.838741540908813477e-01 -5.900748372077941895e-01
9.364484250545501709e-02 7.961066961288452148e-01 4.105410277843475342e-01
-2.685095369815826416e-01 8.292734622955322266e-01 2.457325905561447144e-01
-8.725103735923767090e-02 -7.838741540908813477e-01 -5.900748372077941895e-01
4.870955646038055420e-01 2.872823476791381836e-01 7.035415619611740112e-02
-1.940447986125946045e-01 7.629781961441040039e-01 3.493169248104095459e-01
4.638415277004241943e-01 2.537221610546112061e-01 -9.130509197711944580e-02
3.938380777835845947e-01 -8.331669569015502930e-01 2.946671843528747559e-01
2.072758227586746216e-01 7.351933717727661133e-01 4.232651591300964355e-01
9.364484250545501709e-02 7.961066961288452148e-01 4.105410277843475342e-01
2.072758227586746216e-01 7.351933717727661133e-01 4.232651591300964355e-01
-8.725103735923767090e-02 -7.838741540908813477e-01 -5.900748372077941895e-01
2.072758227586746216e-01 7.351933717727661133e-01 4.232651591300964355e-01
-3.418904840946197510e-01 2.800232172012329102e-01 -3.922668993473052979e-01
9.364484250545501709e-02 7.961066961288452148e-01 4.105410277843475342e-01
4.272130727767944336e-01 5.294744297862052917e-02 -3.762060031294822693e-02
-4.632995128631591797e-01 6.518799066543579102e-01 -2.786254696547985077e-02
-9.496879577636718750e-02 8.468241691589355469e-01 2.756359279155731201e-01
-2.764640450477600098e-01 2.360974699258804321e-01 -6.814076751470565796e-02
9.364484250545501709e-02 7.961066961288452148e-01 4.105410277843475342e-01
-4.291017949581146240e-01 2.619783580303192139e-01 -1.431174725294113159e-01
-8.725103735923767090e-02 -7.838741540908813477e-01 -5.900748372077941895e-01
-8.725103735923767090e-02 -7.838741540908813477e-01 -5.900748372077941895e-01
2.072758227586746216e-01 7.351933717727661133e-01 4.232651591300964355e-01
-8.725103735923767090e-02 -7.838741540908813477e-01 -5.900748372077941895e-01
-8.725103735923767090e-02 -7.838741540908813477e-01 -5.900748372077941895e-01
-8.725103735923767090e-02 -7.838741540908813477e-01 -5.900748372077941895e-01
4.519989788532257080e-01 -6.573832780122756958e-02 1.254325211048126221e-01
-8.725103735923767090e-02 -7.838741540908813477e-01 -5.900748372077941895e-01
-4.092814028263092041e-01 8.007310032844543457e-01 1.016440913081169128e-01
-8.725103735923767090e-02 -7.838741540908813477e-01 -5.900748372077941895e-01
5.236852169036865234e-01 -4.633561894297599792e-02 -1.688297092914581299e-01
-4.291017949581146240e-01 2.619783580303192139e-01 -1.431174725294113159e-01
9.364484250545501709e-02 7.961066961288452148e-01 4.105410277843475342e-01
-8.725103735923767090e-02 -7.838741540908813477e-01 -5.900748372077941895e-01
-8.725103735923767090e-02 -7.838741540908813477e-01 -5.900748372077941895e-01
-3.418904840946197510e-01 2.800232172012329102e-01 -3.922668993473052979e-01
9.364484250545501709e-02 7.961066961288452148e-01 4.105410277843475342e-01
3.187991678714752197e-01 6.127649545669555664e-01 3.858066201210021973e-01
2.072758227586746216e-01 7.351933717727661133e-01 4.232651591300964355e-01
2.072758227586746216e-01 7.351933717727661133e-01 4.232651591300964355e-01
-8.725103735923767090e-02 -7.838741540908813477e-01 -5.900748372077941895e-01
-8.725103735923767090e-02 -7.838741540908813477e-01 -5.900748372077941895e-01
-9.294278174638748169e-02 7.758352160453796387e-01 4.108652174472808838e-01
-3.682083487510681152e-01 3.322220742702484131e-01 5.663107708096504211e-02
-8.725103735923767090e-02 -7.838741540908813477e-01 -5.900748372077941895e-01
4.715274274349212646e-02 4.053330048918724060e-02 -6.302532553672790527e-02
-4.203810691833496094e-01 3.036524951457977295e-01 -1.025691814720630646e-02
-4.646454453468322754e-01 -8.232731223106384277e-01 -1.598815023899078369e-01
-9.496879577636718750e-02 8.468241691589355469e-01 2.756359279155731201e-01
-8.725103735923767090e-02 -7.838741540908813477e-01 -5.900748372077941895e-01
-4.730931520462036133e-01 -7.752665877342224121e-01 -1.749960035085678101e-01
9.364484250545501709e-02 7.961066961288452148e-01 4.105410277843475342e-01
2.606959342956542969e-01 4.343556463718414307e-01 1.790519952774047852e-01
-2.685095369815826416e-01 8.292734622955322266e-01 2.457325905561447144e-01
7.879307866096496582e-02 -1.780114918947219849e-01 1.530031487345695496e-02
-4.413691908121109009e-02 -2.160871326923370361e-01 1.650080531835556030e-01
4.298325181007385254e-01 1.137082353234291077e-01 3.184053581207990646e-03
-3.742049634456634521e-01 7.814292311668395996e-01 1.829817593097686768e-01
3.938380777835845947e-01 -8.331669569015502930e-01 2.946671843528747559e-01
-8.725103735923767090e-02 -7.838741540908813477e-01 -5.900748372077941895e-01
3.660100102424621582e-01 -6.827383041381835938e-01 3.190616071224212646e-01
-3.479429781436920166e-01 7.892771959304809570e-01 2.549104094505310059e-01
-3.715894818305969238e-01 1.439432520419359207e-02 3.159775957465171814e-02
-1.358899325132369995e-01 -7.429264187812805176e-01 3.870959579944610596e-01
4.860419034957885742e-01 1.108623342588543892e-03 -1.521135121583938599e-01
-3.418904840946197510e-01 2.800232172012329102e-01 -3.922668993473052979e-01
-8.725103735923767090e-02 -7.838741540908813477e-01 -5.900748372077941895e-01
9.364484250545501709e-02 7.961066961288452148e-01 4.105410277843475342e-01
-5.091643333435058594e-01 -6.938320994377136230e-01 -1.303207725286483765e-01
-3.418904840946197510e-01 2.800232172012329102e-01 -3.922668993473052979e-01
2.547776401042938232e-01 7.668447494506835938e-02 -7.659175246953964233e-02
9.364484250545501709e-02 7.961066961288452148e-01 4.105410277843475342e-01
-3.977098166942596436e-01 -2.414697408676147461e-02 9.522943943738937378e-02
1.219335384666919708e-02 3.173835948109626770e-02 -3.900664672255516052e-02
-3.479429781436920166e-01 7.892771959304809570e-01 2.549104094505310059e-01
2.072758227586746216e-01 7.351933717727661133e-01 4.232651591300964355e-01
-4.430086612701416016e-01 4.254090785980224609e-01 -6.197677552700042725e-02
-3.479429781436920166e-01 7.892771959304809570e-01 2.549104094505310059e-01
5.484330058097839355e-01 -8.430055975914001465e-01 -2.792511582374572754e-01
-4.413691908121109009e-02 -2.160871326923370361e-01 1.650080531835556030e-01
-4.092814028263092041e-01 8.007310032844543457e-01 1.016440913081169128e-01
-8.725103735923767090e-02 -7.838741540908813477e-01 -5.900748372077941895e-01
-8.725103735923767090e-02 -7.838741540908813477e-01 -5.900748372077941895e-01
-4.800298810005187988e-01 5.968532562255859375e-01 8.555147796869277954e-02
-8.725103735923767090e-02 -7.838741540908813477e-01 -5.900748372077941895e-01
-2.056479454040527344e-01 1.594274491071701050e-02 -4.986312687397003174e-01
-9.175160527229309082e-02 -1.937552988529205322e-01 1.336354017257690430e-01
-8.725103735923767090e-02 -7.838741540908813477e-01 -5.900748372077941895e-01
3.187991678714752197e-01 6.127649545669555664e-01 3.858066201210021973e-01
-8.725103735923767090e-02 -7.838741540908813477e-01 -5.900748372077941895e-01
-8.725103735923767090e-02 -7.838741540908813477e-01 -5.900748372077941895e-01
9.364484250545501709e-02 7.961066961288452148e-01 4.105410277843475342e-01
-8.725103735923767090e-02 -7.838741540908813477e-01 -5.900748372077941895e-01
2.586995661258697510e-01 7.077651023864746094e-01 2.870951890945434570e-01
-8.725103735923767090e-02 -7.838741540908813477e-01 -5.900748372077941895e-01
4.356014132499694824e-01 6.401683390140533447e-02 3.511270135641098022e-02
-1.014746725559234619e-03 -7.887321114540100098e-01 -5.545265674591064453e-01
-8.725103735923767090e-02 -7.838741540908813477e-01 -5.900748372077941895e-01
4.506287574768066406e-01 -8.044143915176391602e-01 -3.202243745326995850e-01
-4.092814028263092041e-01 8.007310032844543457e-01 1.016440913081169128e-01
2.072758227586746216e-01 7.351933717727661133e-01 4.232651591300964355e-01
-4.879491627216339111e-01 -8.089484572410583496e-01 -9.487176686525344849e-02
3.996948301792144775e-01 -7.547634243965148926e-01 3.389152884483337402e-01
-8.725103735923767090e-02 -7.838741540908813477e-01 -5.900748372077941895e-01
2.072758227586746216e-01 7.351933717727661133e-01 4.232651591300964355e-01
-3.977098166942596436e-01 -2.414697408676147461e-02 9.522943943738937378e-02
9.364484250545501709e-02 7.961066961288452148e-01 4.105410277843475342e-01
2.072758227586746216e-01 7.351933717727661133e-01 4.232651591300964355e-01
-8.725103735923767090e-02 -7.838741540908813477e-01 -5.900748372077941895e-01
4.755269885063171387e-01 1.276235133409500122e-01 1.000678166747093201e-01
9.364484250545501709e-02 7.961066961288452148e-01 4.105410277843475342e-01
-8.182623237371444702e-02 -1.501570343971252441e-01 2.131743878126144409e-01
-4.084491431713104248e-01 5.950430035591125488e-01 -1.041858941316604614e-01
3.424074351787567139e-01 1.769662201404571533e-01 3.020896911621093750e-01
8.223436772823333740e-03 3.798764199018478394e-02 -1.600739359855651855e-01
9.364484250545501709e-02 7.961066961288452148e-01 4.105410277843475342e-01
-8.725103735923767090e-02 -7.838741540908813477e-01 -5.900748372077941895e-01
4.585537612438201904e-01 3.624250367283821106e-02 7.798310369253158569e-02
-1.013286486268043518e-01 7.920194864273071289e-01 3.798215389251708984e-01
2.072758227586746216e-01 7.351933717727661133e-01 4.232651591300964355e-01
3.177246153354644775e-01 4.283677414059638977e-02 3.342491015791893005e-02
-4.646454453468322754e-01 -8.232731223106384277e-01 -1.598815023899078369e-01
-8.725103735923767090e-02 -7.838741540908813477e-01 -5.900748372077941895e-01
-9.294278174638748169e-02 7.758352160453796387e-01 4.108652174472808838e-01
9.364484250545501709e-02 7.961066961288452148e-01 4.105410277843475342e-01
5.484330058097839355e-01 -8.430055975914001465e-01 -2.792511582374572754e-01
-8.725103735923767090e-02 -7.838741540908813477e-01 -5.900748372077941895e-01
2.072758227586746216e-01 7.351933717727661133e-01 4.232651591300964355e-01
2.072758227586746216e-01 7.351933717727661133e-01 4.232651591300964355e-01
-8.725103735923767090e-02 -7.838741540908813477e-01 -5.900748372077941895e-01
-3.418904840946197510e-01 2.800232172012329102e-01 -3.922668993473052979e-01
-8.725103735923767090e-02 -7.838741540908813477e-01 -5.900748372077941895e-01
2.380771934986114502e-02 4.461382329463958740e-02 -1.855744048953056335e-02
-4.646454453468322754e-01 -8.232731223106384277e-01 -1.598815023899078369e-01
-1.014746725559234619e-03 -7.887321114540100098e-01 -5.545265674591064453e-01
-8.725103735923767090e-02 -7.838741540908813477e-01 -5.900748372077941895e-01
-4.092814028263092041e-01 8.007310032844543457e-01 1.016440913081169128e-01
4.305604696273803711e-01 -7.395172864198684692e-02 -2.214575111865997314e-01
-2.685095369815826416e-01 8.292734622955322266e-01 2.457325905561447144e-01
-8.725103735923767090e-02 -7.838741540908813477e-01 -5.900748372077941895e-01
-4.084491431713104248e-01 5.950430035591125488e-01 -1.041858941316604614e-01
-8.725103735923767090e-02 -7.838741540908813477e-01 -5.900748372077941895e-01
-1.013286486268043518e-01 7.920194864273071289e-01 3.798215389251708984e-01
3.232150673866271973e-01 4.897523820400238037e-01 3.226930499076843262e-01
-8.725103735923767090e-02 -7.838741540908813477e-01 -5.900748372077941895e-01
2.072758227586746216e-01 7.351933717727661133e-01 4.232651591300964355e-01
2.072758227586746216e-01 7.351933717727661133e-01 4.232651591300964355e-01
9.364484250545501709e-02 7.961066961288452148e-01 4.105410277843475342e-01
-8.725103735923767090e-02 -7.838741540908813477e-01 -5.900748372077941895e-01
-8.725103735923767090e-02 -7.838741540908813477e-01 -5.900748372077941895e-01
-4.892400503158569336e-01 -7.340670824050903320e-01 -1.569140553474426270e-01
5.484330058097839355e-01 -8.430055975914001465e-01 -2.792511582374572754e-01
3.996948301792144775e-01 -7.547634243965148926e-01 3.389152884483337402e-01
-4.719815254211425781e-01 5.693785548210144043e-01 2.719604223966598511e-02
-3.467382788658142090e-01 2.071279138326644897e-01 -3.790348172187805176e-01
9.364484250545501709e-02 7.961066961288452148e-01 4.105410277843475342e-01
1.219335384666919708e-02 3.173835948109626770e-02 -3.900664672255516052e-02
-4.092814028263092041e-01 8.007310032844543457e-01 1.016440913081169128e-01
3.243663012981414795e-01 -8.157141208648681641e-01 2.594288289546966553e-01
9.364484250545501709e-02 7.961066961288452148e-01 4.105410277843475342e-01
-4.730931520462036133e-01 -7.752665877342224121e-01 -1.749960035085678101e-01
2.072758227586746216e-01 7.351933717727661133e-01 4.232651591300964355e-01
9.364484250545501709e-02 7.961066961288452148e-01 4.105410277843475342e-01
-8.725103735923767090e-02 -7.838741540908813477e-01 -5.900748372077941895e-01
-3.554624319076538086e-01 -2.957375906407833099e-02 -3.064649105072021484e-01
9.364484250545501709e-02 7.961066961288452148e-01 4.105410277843475342e-01
9.364484250545501709e-02 7.961066961288452148e-01 4.105410277843475342e-01
-9.294278174638748169e-02 7.758352160453796387e-01 4.108652174472808838e-01
3.187991678714752197e-01 6.127649545669555664e-01 3.858066201210021973e-01
-8.725103735923767090e-02 -7.838741540908813477e-01 -5.900748372077941895e-01
2.072758227586746216e-01 7.351933717727661133e-01 4.232651591300964355e-01
-2.830572128295898438e-01 2.873658537864685059e-01 -2.777920663356781006e-01
9.364484250545501709e-02 7.961066961288452148e-01 4.105410277843475342e-01
2.072758227586746216e-01 7.351933717727661133e-01 4.232651591300964355e-01
-8.725103735923767090e-02 -7.838741540908813477e-01 -5.900748372077941895e-01
3.996948301792144775e-01 -7.547634243965148926e-01 3.389152884483337402e-01
9.364484250545501709e-02 7.961066961288452148e-01 4.105410277843475342e-01
3.187991678714752197e-01 6.127649545669555664e-01 3.858066201210021973e-01
2.072758227586746216e-01 7.351933717727661133e-01 4.232651591300964355e-01
-2.685095369815826416e-01 8.292734622955322266e-01 2.457325905561447144e-01
2.072758227586746216e-01 7.351933717727661133e-01 4.232651591300964355e-01
-3.155993819236755371e-01 7.996692657470703125e-01 2.192300707101821899e-01
-4.632995128631591797e-01 6.518799066543579102e-01 -2.786254696547985077e-02
-4.430086612701416016e-01 4.254090785980224609e-01 -6.197677552700042725e-02
-3.479429781436920166e-01 7.892771959304809570e-01 2.549104094505310059e-01
5.384473204612731934e-01 2.593474090099334717e-01 9.732529520988464355e-03
-1.125740185379981995e-01 -4.392454400658607483e-02 2.965458333492279053e-01
-1.014746725559234619e-03 -7.887321114540100098e-01 -5.545265674591064453e-01
1.965857893228530884e-01 3.990579769015312195e-02 3.061043843626976013e-02
-8.725103735923767090e-02 -7.838741540908813477e-01 -5.900748372077941895e-01
-3.933035731315612793e-01 2.615700662136077881e-01 -2.943724393844604492e-01
-8.725103735923767090e-02 -7.838741540908813477e-01 -5.900748372077941895e-01
-4.423523694276809692e-02 6.244532763957977295e-02 -1.742702871561050415e-01
-4.730931520462036133e-01 -7.752665877342224121e-01 -1.749960035085678101e-01
-4.646454453468322754e-01 -8.232731223106384277e-01 -1.598815023899078369e-01
-4.084491431713104248e-01 5.950430035591125488e-01 -1.041858941316604614e-01
2.072758227586746216e-01 7.351933717727661133e-01 4.232651591300964355e-01
2.072758227586746216e-01 7.351933717727661133e-01 4.232651591300964355e-01
-4.073534607887268066e-01 2.376288026571273804e-01 -1.950621008872985840e-01
2.415945939719676971e-02 1.000883057713508606e-02 -2.874279208481311798e-02
1.919324994087219238e-01 1.865382120013237000e-02 -2.480025142431259155e-01
-4.430086612701416016e-01 4.254090785980224609e-01 -6.197677552700042725e-02
-3.467382788658142090e-01 2.071279138326644897e-01 -3.790348172187805176e-01
-1.014746725559234619e-03 -7.887321114540100098e-01 -5.545265674591064453e-01
2.072758227586746216e-01 7.351933717727661133e-01 4.232651591300964355e-01
-8.725103735923767090e-02 -7.838741540908813477e-01 -5.900748372077941895e-01
-2.416174411773681641e-01 -7.793503999710083008e-01 3.815813958644866943e-01
2.072758227586746216e-01 7.351933717727661133e-01 4.232651591300964355e-01
-1.072724834084510803e-01 -2.529317140579223633e-02 3.074848055839538574e-01
5.484330058097839355e-01 -8.430055975914001465e-01 -2.792511582374572754e-01
1.478778570890426636e-01 7.858390212059020996e-01 3.977348804473876953e-01
4.276919960975646973e-01 -6.200762465596199036e-02 -2.715246975421905518e-01
-4.632995128631591797e-01 6.518799066543579102e-01 -2.786254696547985077e-02
9.364484250545501709e-02 7.961066961288452148e-01 4.105410277843475342e-01
-8.725103735923767090e-02 -7.838741540908813477e-01 -5.900748372077941895e-01
4.230992496013641357e-01 -7.617999911308288574e-01 2.973839342594146729e-01
5.484330058097839355e-01 -8.430055975914001465e-01 -2.792511582374572754e-01
-8.725103735923767090e-02 -7.838741540908813477e-01 -5.900748372077941895e-01
2.355784326791763306e-01 7.373138070106506348e-01 3.339198529720306396e-01
3.187991678714752197e-01 6.127649545669555664e-01 3.858066201210021973e-01
3.938380777835845947e-01 -8.331669569015502930e-01 2.946671843528747559e-01
-8.725103735923767090e-02 -7.838741540908813477e-01 -5.900748372077941895e-01
-4.416462779045104980e-01 2.009172737598419189e-01 -1.419535577297210693e-01
-8.725103735923767090e-02 -7.838741540908813477e-01 -5.900748372077941895e-01
-8.725103735923767090e-02 -7.838741540908813477e-01 -5.900748372077941895e-01
-8.725103735923767090e-02 -7.838741540908813477e-01 -5.900748372077941895e-01
5.484330058097839355e-01 -8.430055975914001465e-01 -2.792511582374572754e-01
-4.092814028263092041e-01 8.007310032844543457e-01 1.016440913081169128e-01
3.187991678714752197e-01 6.127649545669555664e-01 3.858066201210021973e-01
-8.725103735923767090e-02 -7.838741540908813477e-01 -5.900748372077941895e-01
-8.725103735923767090e-02 -7.838741540908813477e-01 -5.900748372077941895e-01
2.072758227586746216e-01 7.351933717727661133e-01 4.232651591300964355e-01
-4.632995128631591797e-01 6.518799066543579102e-01 -2.786254696547985077e-02
1.038134172558784485e-01 -7.447855472564697266e-01 9.350411593914031982e-02
-1.013286486268043518e-01 7.920194864273071289e-01 3.798215389251708984e-01
-2.056479454040527344e-01 1.594274491071701050e-02 -4.986312687397003174e-01
9.364484250545501709e-02 7.961066961288452148e-01 4.105410277843475342e-01
2.072758227586746216e-01 7.351933717727661133e-01 4.232651591300964355e-01
-1.013286486268043518e-01 7.920194864273071289e-01 3.798215389251708984e-01
-3.479429781436920166e-01 7.892771959304809570e-01 2.549104094505310059e-01
-5.091643333435058594e-01 -6.938320994377136230e-01 -1.303207725286483765e-01
9.364484250545501709e-02 7.961066961288452148e-01 4.105410277843475342e-01
9.364484250545501709e-02 7.961066961288452148e-01 4.105410277843475342e-01
3.187991678714752197e-01 6.127649545669555664e-01 3.858066201210021973e-01
2.415945939719676971e-02 1.000883057713508606e-02 -2.874279208481311798e-02
-3.105967044830322266e-01 2.106200456619262695e-01 -2.515798807144165039e-02
4.174000024795532227e-01 -7.940889894962310791e-02 -3.733105361461639404e-01
3.938380777835845947e-01 -8.331669569015502930e-01 2.946671843528747559e-01
-1.480635702610015869e-01 -6.939247250556945801e-01 3.888025581836700439e-01
-8.725103735923767090e-02 -7.838741540908813477e-01 -5.900748372077941895e-01
4.755269885063171387e-01 1.276235133409500122e-01 1.000678166747093201e-01
9.364484250545501709e-02 7.961066961288452148e-01 4.105410277843475342e-01
2.072758227586746216e-01 7.351933717727661133e-01 4.232651591300964355e-01
2.547776401042938232e-01 7.668447494506835938e-02 -7.659175246953964233e-02
-3.269908726215362549e-01 2.623896002769470215e-01 -8.544730395078659058e-02
-8.725103735923767090e-02 -7.838741540908813477e-01 -5.900748372077941895e-01
-4.073534607887268066e-01 2.376288026571273804e-01 -1.950621008872985840e-01
1.219335384666919708e-02 3.173835948109626770e-02 -3.900664672255516052e-02
-8.725103735923767090e-02 -7.838741540908813477e-01 -5.900748372077941895e-01
-8.725103735923767090e-02 -7.838741540908813477e-01 -5.900748372077941895e-01
2.072758227586746216e-01 7.351933717727661133e-01 4.232651591300964355e-01
3.996948301792144775e-01 -7.547634243965148926e-01 3.389152884483337402e-01
-8.725103735923767090e-02 -7.838741540908813477e-01 -5.900748372077941895e-01
4.931646883487701416e-01 -2.217200212180614471e-02 -3.247025907039642334e-01
-9.496879577636718750e-02 8.468241691589355469e-01 2.756359279155731201e-01
9.364484250545501709e-02 7.961066961288452148e-01 4.105410277843475342e-01
-3.933035731315612793e-01 2.615700662136077881e-01 -2.943724393844604492e-01
9.364484250545501709e-02 7.961066961288452148e-01 4.105410277843475342e-01
2.072758227586746216e-01 7.351933717727661133e-01 4.232651591300964355e-01
-2.607012689113616943e-01 2.992892079055309296e-02 2.075560539960861206e-01
9.364484250545501709e-02 7.961066961288452148e-01 4.105410277843475342e-01
4.525158107280731201e-01 2.530312836170196533e-01 -1.134231314063072205e-01
2.737266123294830322e-01 6.775955557823181152e-01 3.919572830200195312e-01
-4.879491627216339111e-01 -8.089484572410583496e-01 -9.487176686525344849e-02
5.484330058097839355e-01 -8.430055975914001465e-01 -2.792511582374572754e-01
-4.800298810005187988e-01 5.968532562255859375e-01 8.555147796869277954e-02
3.996948301792144775e-01 -7.547634243965148926e-01 3.389152884483337402e-01
5.484330058097839355e-01 -8.430055975914001465e-01 -2.792511582374572754e-01
-3.933035731315612793e-01 2.615700662136077881e-01 -2.943724393844604492e-01
3.938380777835845947e-01 -8.331669569015502930e-01 2.946671843528747559e-01
-8.725103735923767090e-02 -7.838741540908813477e-01 -5.900748372077941895e-01
2.072758227586746216e-01 7.351933717727661133e-01 4.232651591300964355e-01
-8.725103735923767090e-02 -7.838741540908813477e-01 -5.900748372077941895e-01
-4.730931520462036133e-01 -7.752665877342224121e-01 -1.749960035085678101e-01
-8.725103735923767090e-02 -7.838741540908813477e-01 -5.900748372077941895e-01
-1.013286486268043518e-01 7.920194864273071289e-01 3.798215389251708984e-01
3.424074351787567139e-01 1.769662201404571533e-01 3.020896911621093750e-01
2.072758227586746216e-01 7.351933717727661133e-01 4.232651591300964355e-01
9.364484250545501709e-02 7.961066961288452148e-01 4.105410277843475342e-01
4.907024800777435303e-01 -1.268213149160146713e-02 -2.659783661365509033e-01
2.072758227586746216e-01 7.351933717727661133e-01 4.232651591300964355e-01
-8.725103735923767090e-02 -7.838741540908813477e-01 -5.900748372077941895e-01
-4.092814028263092041e-01 8.007310032844543457e-01 1.016440913081169128e-01
1.160209998488426208e-01 -2.401498258113861084e-01 2.752389758825302124e-02
-3.942027986049652100e-01 -5.349963903427124023e-02 -3.111325204372406006e-02
-8.725103735923767090e-02 -7.838741540908813477e-01 -5.900748372077941895e-01
1.312106251716613770e-01 -9.227438271045684814e-02 3.733065426349639893e-01
4.519989788532257080e-01 -6.573832780122756958e-02 1.254325211048126221e-01
-8.725103735923767090e-02 -7.838741540908813477e-01 -5.900748372077941895e-01
9.364484250545501709e-02 7.961066961288452148e-01 4.105410277843475342e-01
-3.479429781436920166e-01 7.892771959304809570e-01 2.549104094505310059e-01
3.771026432514190674e-01 -8.833750337362289429e-02 -3.967142999172210693e-01
2.072758227586746216e-01 7.351933717727661133e-01 4.232651591300964355e-01
-8.725103735923767090e-02 -7.838741540908813477e-01 -5.900748372077941895e-01
5.484330058097839355e-01 -8.430055975914001465e-01 -2.792511582374572754e-01
-4.430086612701416016e-01 4.254090785980224609e-01 -6.197677552700042725e-02
4.551411867141723633e-01 -1.137429177761077881e-01 1.022813841700553894e-01
-8.725103735923767090e-02 -7.838741540908813477e-01 -5.900748372077941895e-01
9.364484250545501709e-02 7.961066961288452148e-01 4.105410277843475342e-01
-8.725103735923767090e-02 -7.838741540908813477e-01 -5.900748372077941895e-01
2.072758227586746216e-01 7.351933717727661133e-01 4.232651591300964355e-01
9.364484250545501709e-02 7.961066961288452148e-01 4.105410277843475342e-01
-3.467382788658142090e-01 2.071279138326644897e-01 -3.790348172187805176e-01
-8.725103735923767090e-02 -7.838741540908813477e-01 -5.900748372077941895e-01
3.187991678714752197e-01 6.127649545669555664e-01 3.858066201210021973e-01
3.067917525768280029e-01 -1.491919308900833130e-01 -8.781563490629196167e-02
-8.725103735923767090e-02 -7.838741540908813477e-01 -5.900748372077941895e-01
3.187991678714752197e-01 6.127649545669555664e-01 3.858066201210021973e-01
-8.725103735923767090e-02 -7.838741540908813477e-01 -5.900748372077941895e-01
-1.326855719089508057e-01 2.086035907268524170e-01 2.929673492908477783e-01
3.938380777835845947e-01 -8.331669569015502930e-01 2.946671843528747559e-01
-2.354830205440521240e-01 5.290599465370178223e-01 2.505642473697662354e-01
-8.725103735923767090e-02 -7.838741540908813477e-01 -5.900748372077941895e-01
-8.725103735923767090e-02 -7.838741540908813477e-01 -5.900748372077941895e-01
-3.554624319076538086e-01 -2.957375906407833099e-02 -3.064649105072021484e-01
-1.867936998605728149e-01 -1.176220104098320007e-01 1.616817861795425415e-01
2.072758227586746216e-01 7.351933717727661133e-01 4.232651591300964355e-01
-4.430086612701416016e-01 4.254090785980224609e-01 -6.197677552700042725e-02
-4.416462779045104980e-01 2.009172737598419189e-01 -1.419535577297210693e-01
4.931646883487701416e-01 -2.217200212180614471e-02 -3.247025907039642334e-01
3.938380777835845947e-01 -8.331669569015502930e-01 2.946671843528747559e-01
2.072758227586746216e-01 7.351933717727661133e-01 4.232651591300964355e-01
-2.600383162498474121e-01 3.828627243638038635e-02 2.131287753582000732e-01
-3.902017176151275635e-01 1.810419857501983643e-01 -2.181344628334045410e-01
-4.267217814922332764e-01 2.441200613975524902e-01 -1.060264557600021362e-01
5.484330058097839355e-01 -8.430055975914001465e-01 -2.792511582374572754e-01
4.519989788532257080e-01 -6.573832780122756958e-02 1.254325211048126221e-01
3.996948301792144775e-01 -7.547634243965148926e-01 3.389152884483337402e-01
-4.730931520462036133e-01 -7.752665877342224121e-01 -1.749960035085678101e-01
-7.397761940956115723e-02 -8.080615401268005371e-01 -5.320093631744384766e-01
9.364484250545501709e-02 7.961066961288452148e-01 4.105410277843475342e-01
-8.725103735923767090e-02 -7.838741540908813477e-01 -5.900748372077941895e-01
-8.725103735923767090e-02 -7.838741540908813477e-01 -5.900748372077941895e-01
-2.924477159976959229e-01 1.100047230720520020e-01 -5.374911427497863770e-02
-4.646454453468322754e-01 -8.232731223106384277e-01 -1.598815023899078369e-01
4.425482153892517090e-01 -8.543401956558227539e-01 -2.642987370491027832e-01
5.484330058097839355e-01 -8.430055975914001465e-01 -2.792511582374572754e-01
2.072758227586746216e-01 7.351933717727661133e-01 4.232651591300964355e-01
3.424074351787567139e-01 1.769662201404571533e-01 3.020896911621093750e-01
2.072758227586746216e-01 7.351933717727661133e-01 4.232651591300964355e-01
-3.479429781436920166e-01 7.892771959304809570e-01 2.549104094505310059e-01
5.288864970207214355e-01 -7.797504663467407227e-01 -2.553519904613494873e-01
2.072758227586746216e-01 7.351933717727661133e-01 4.232651591300964355e-01
-8.725103735923767090e-02 -7.838741540908813477e-01 -5.900748372077941895e-01
4.697133004665374756e-01 4.231877624988555908e-02 9.658382833003997803e-02
2.346211373805999756e-01 -2.613525390625000000e-01 1.141779869794845581e-01
5.484330058097839355e-01 -8.430055975914001465e-01 -2.792511582374572754e-01
-8.725103735923767090e-02 -7.838741540908813477e-01 -5.900748372077941895e-01
-8.725103735923767090e-02 -7.838741540908813477e-01 -5.900748372077941895e-01
-8.725103735923767090e-02 -7.838741540908813477e-01 -5.900748372077941895e-01
-1.393690258264541626e-01 5.785890221595764160e-01 5.114658921957015991e-02
-8.725103735923767090e-02 -7.838741540908813477e-01 -5.900748372077941895e-01
4.506287574768066406e-01 -8.044143915176391602e-01 -3.202243745326995850e-01
4.697133004665374756e-01 4.231877624988555908e-02 9.658382833003997803e-02
-8.725103735923767090e-02 -7.838741540908813477e-01 -5.900748372077941895e-01
-8.725103735923767090e-02 -7.838741540908813477e-01 -5.900748372077941895e-01
9.364484250545501709e-02 7.961066961288452148e-01 4.105410277843475342e-01
-8.725103735923767090e-02 -7.838741540908813477e-01 -5.900748372077941895e-01
-4.389681816101074219e-01 2.242372184991836548e-01 -1.010207161307334900e-01
3.996948301792144775e-01 -7.547634243965148926e-01 3.389152884483337402e-01
5.484330058097839355e-01 -8.430055975914001465e-01 -2.792511582374572754e-01
-9.496879577636718750e-02 8.468241691589355469e-01 2.756359279155731201e-01
-3.418904840946197510e-01 2.800232172012329102e-01 -3.922668993473052979e-01
-8.725103735923767090e-02 -7.838741540908813477e-01 -5.900748372077941895e-01
9.364484250545501709e-02 7.961066961288452148e-01 4.105410277843475342e-01
-2.685095369815826416e-01 8.292734622955322266e-01 2.457325905561447144e-01
4.931646883487701416e-01 -2.217200212180614471e-02 -3.247025907039642334e-01
-4.416462779045104980e-01 2.009172737598419189e-01 -1.419535577297210693e-01
-5.146264433860778809e-01 -7.453499436378479004e-01 -1.115904524922370911e-01
2.072758227586746216e-01 7.351933717727661133e-01 4.232651591300964355e-01
9.364484250545501709e-02 7.961066961288452148e-01 4.105410277843475342e-01
-4.646454453468322754e-01 -8.232731223106384277e-01 -1.598815023899078369e-01
5.484330058097839355e-01 -8.430055975914001465e-01 -2.792511582374572754e-01
2.845606207847595215e-01 5.777859687805175781e-01 2.215970456600189209e-01
-8.725103735923767090e-02 -7.838741540908813477e-01 -5.900748372077941895e-01
-4.646454453468322754e-01 -8.232731223106384277e-01 -1.598815023899078369e-01
5.384473204612731934e-01 2.593474090099334717e-01 9.732529520988464355e-03
4.425482153892517090e-01 -8.543401956558227539e-01 -2.642987370491027832e-01
3.515428304672241211e-01 -2.243803888559341431e-01 7.216574996709823608e-02
3.996948301792144775e-01 -7.547634243965148926e-01 3.389152884483337402e-01
1.645462214946746826e-01 -2.904599308967590332e-01 1.331856846809387207e-01
9.364484250545501709e-02 7.961066961288452148e-01 4.105410277843475342e-01
4.653827846050262451e-01 -6.169620752334594727e-01 -2.089449912309646606e-01
-4.084491431713104248e-01 5.950430035591125488e-01 -1.041858941316604614e-01
3.660100102424621582e-01 -6.827383041381835938e-01 3.190616071224212646e-01
-4.300541281700134277e-01 7.131820321083068848e-01 5.435232818126678467e-02
-5.091643333435058594e-01 -6.938320994377136230e-01 -1.303207725286483765e-01
-8.725103735923767090e-02 -7.838741540908813477e-01 -5.900748372077941895e-01
-8.725103735923767090e-02 -7.838741540908813477e-01 -5.900748372077941895e-01
-8.725103735923767090e-02 -7.838741540908813477e-01 -5.900748372077941895e-01
-4.092814028263092041e-01 8.007310032844543457e-01 1.016440913081169128e-01
2.072758227586746216e-01 7.351933717727661133e-01 4.232651591300964355e-01
3.187991678714752197e-01 6.127649545669555664e-01 3.858066201210021973e-01
-4.203810691833496094e-01 3.036524951457977295e-01 -1.025691814720630646e-02
-3.467382788658142090e-01 2.071279138326644897e-01 -3.790348172187805176e-01
-8.725103735923767090e-02 -7.838741540908813477e-01 -5.900748372077941895e-01
-1.970923691987991333e-01 5.516472086310386658e-02 2.537462413311004639e-01
-8.725103735923767090e-02 -7.838741540908813477e-01 -5.900748372077941895e-01
-3.933035731315612793e-01 2.615700662136077881e-01 -2.943724393844604492e-01
-8.725103735923767090e-02 -7.838741540908813477e-01 -5.900748372077941895e-01
-1.027067899703979492e-01 -7.726160287857055664e-01 -5.744124054908752441e-01
-8.725103735923767090e-02 -7.838741540908813477e-01 -5.900748372077941895e-01
-1.014746725559234619e-03 -7.887321114540100098e-01 -5.545265674591064453e-01
-3.418269455432891846e-01 2.580648660659790039e-01 -3.456931710243225098e-01
-8.725103735923767090e-02 -7.838741540908813477e-01 -5.900748372077941895e-01
-8.725103735923767090e-02 -7.838741540908813477e-01 -5.900748372077941895e-01
3.187991678714752197e-01 6.127649545669555664e-01 3.858066201210021973e-01
-8.725103735923767090e-02 -7.838741540908813477e-01 -5.900748372077941895e-01
2.409926205873489380e-01 2.033945918083190918e-02 9.456665068864822388e-02
-8.725103735923767090e-02 -7.838741540908813477e-01 -5.900748372077941895e-01
3.187991678714752197e-01 6.127649545669555664e-01 3.858066201210021973e-01
2.072758227586746216e-01 7.351933717727661133e-01 4.232651591300964355e-01
-8.725103735923767090e-02 -7.838741540908813477e-01 -5.900748372077941895e-01
-2.685095369815826416e-01 8.292734622955322266e-01 2.457325905561447144e-01
2.926299870014190674e-01 -1.008997764438390732e-02 -3.418851494789123535e-01
1.219335384666919708e-02 3.173835948109626770e-02 -3.900664672255516052e-02
-8.725103735923767090e-02 -7.838741540908813477e-01 -5.900748372077941895e-01
-8.725103735923767090e-02 -7.838741540908813477e-01 -5.900748372077941895e-01
2.072758227586746216e-01 7.351933717727661133e-01 4.232651591300964355e-01
-4.632995128631591797e-01 6.518799066543579102e-01 -2.786254696547985077e-02
-8.725103735923767090e-02 -7.838741540908813477e-01 -5.900748372077941895e-01
-9.294278174638748169e-02 7.758352160453796387e-01 4.108652174472808838e-01
-1.014746725559234619e-03 -7.887321114540100098e-01 -5.545265674591064453e-01
-4.632995128631591797e-01 6.518799066543579102e-01 -2.786254696547985077e-02
-8.725103735923767090e-02 -7.838741540908813477e-01 -5.900748372077941895e-01
-8.725103735923767090e-02 -7.838741540908813477e-01 -5.900748372077941895e-01
-8.725103735923767090e-02 -7.838741540908813477e-01 -5.900748372077941895e-01
2.072758227586746216e-01 7.351933717727661133e-01 4.232651591300964355e-01
-3.977098166942596436e-01 -2.414697408676147461e-02 9.522943943738937378e-02
2.072758227586746216e-01 7.351933717727661133e-01 4.232651591300964355e-01
-8.725103735923767090e-02 -7.838741540908813477e-01 -5.900748372077941895e-01
-8.725103735923767090e-02 -7.838741540908813477e-01 -5.900748372077941895e-01
-4.632995128631591797e-01 6.518799066543579102e-01 -2.786254696547985077e-02
-4.719815254211425781e-01 5.693785548210144043e-01 2.719604223966598511e-02
3.187991678714752197e-01 6.127649545669555664e-01 3.858066201210021973e-01
3.996948301792144775e-01 -7.547634243965148926e-01 3.389152884483337402e-01
-8.725103735923767090e-02 -7.838741540908813477e-01 -5.900748372077941895e-01
-4.646454453468322754e-01 -8.232731223106384277e-01 -1.598815023899078369e-01
-8.725103735923767090e-02 -7.838741540908813477e-01 -5.900748372077941895e-01
9.364484250545501709e-02 7.961066961288452148e-01 4.105410277843475342e-01
9.364484250545501709e-02 7.961066961288452148e-01 4.105410277843475342e-01
2.072758227586746216e-01 7.351933717727661133e-01 4.232651591300964355e-01
4.519989788532257080e-01 -6.573832780122756958e-02 1.254325211048126221e-01
2.072758227586746216e-01 7.351933717727661133e-01 4.232651591300964355e-01
4.519989788532257080e-01 -6.573832780122756958e-02 1.254325211048126221e-01
-8.725103735923767090e-02 -7.838741540908813477e-01 -5.900748372077941895e-01
-8.725103735923767090e-02 -7.838741540908813477e-01 -5.900748372077941895e-01
-3.479429781436920166e-01 7.892771959304809570e-01 2.549104094505310059e-01
-8.725103735923767090e-02 -7.838741540908813477e-01 -5.900748372077941895e-01
-8.725103735923767090e-02 -7.838741540908813477e-01 -5.900748372077941895e-01
3.660100102424621582e-01 -6.827383041381835938e-01 3.190616071224212646e-01
-2.334065884351730347e-01 -9.041074663400650024e-03 2.041690498590469360e-01
-8.725103735923767090e-02 -7.838741540908813477e-01 -5.900748372077941895e-01
-1.027067899703979492e-01 -7.726160287857055664e-01 -5.744124054908752441e-01
3.424074351787567139e-01 1.769662201404571533e-01 3.020896911621093750e-01
-8.725103735923767090e-02 -7.838741540908813477e-01 -5.900748372077941895e-01
3.187991678714752197e-01 6.127649545669555664e-01 3.858066201210021973e-01
4.506287574768066406e-01 -8.044143915176391602e-01 -3.202243745326995850e-01
3.938380777835845947e-01 -8.331669569015502930e-01 2.946671843528747559e-01
-8.725103735923767090e-02 -7.838741540908813477e-01 -5.900748372077941895e-01
2.072758227586746216e-01 7.351933717727661133e-01 4.232651591300964355e-01
4.697133004665374756e-01 4.231877624988555908e-02 9.658382833003997803e-02
2.072758227586746216e-01 7.351933717727661133e-01 4.232651591300964355e-01
2.072758227586746216e-01 7.351933717727661133e-01 4.232651591300964355e-01
1.388494819402694702e-01 -8.795805275440216064e-03 -4.688704013824462891e-01
8.657694607973098755e-02 -2.272816896438598633e-01 1.822403371334075928e-01
1.435707956552505493e-01 -1.847841590642929077e-01 -2.133106440305709839e-01
-8.725103735923767090e-02 -7.838741540908813477e-01 -5.900748372077941895e-01
-8.725103735923767090e-02 -7.838741540908813477e-01 -5.900748372077941895e-01
5.236852169036865234e-01 -4.633561894297599792e-02 -1.688297092914581299e-01
-2.685095369815826416e-01 8.292734622955322266e-01 2.457325905561447144e-01
-2.165711075067520142e-01 4.051060676574707031e-01 -3.061844408512115479e-02
3.996948301792144775e-01 -7.547634243965148926e-01 3.389152884483337402e-01
1.478778570890426636e-01 7.858390212059020996e-01 3.977348804473876953e-01
-8.725103735923767090e-02 -7.838741540908813477e-01 -5.900748372077941895e-01
-8.725103735923767090e-02 -7.838741540908813477e-01 -5.900748372077941895e-01
-8.725103735923767090e-02 -7.838741540908813477e-01 -5.900748372077941895e-01
-4.267217814922332764e-01 2.441200613975524902e-01 -1.060264557600021362e-01
-4.291017949581146240e-01 2.619783580303192139e-01 -1.431174725294113159e-01
9.364484250545501709e-02 7.961066961288452148e-01 4.105410277843475342e-01
-8.725103735923767090e-02 -7.838741540908813477e-01 -5.900748372077941895e-01
9.364484250545501709e-02 7.961066961288452148e-01 4.105410277843475342e-01
2.072758227586746216e-01 7.351933717727661133e-01 4.232651591300964355e-01
2.072758227586746216e-01 7.351933717727661133e-01 4.232651591300964355e-01
5.484330058097839355e-01 -8.430055975914001465e-01 -2.792511582374572754e-01
-4.730931520462036133e-01 -7.752665877342224121e-01 -1.749960035085678101e-01
5.484330058097839355e-01 -8.430055975914001465e-01 -2.792511582374572754e-01
-8.725103735923767090e-02 -7.838741540908813477e-01 -5.900748372077941895e-01
1.645462214946746826e-01 -2.904599308967590332e-01 1.331856846809387207e-01
9.364484250545501709e-02 7.961066961288452148e-01 4.105410277843475342e-01
-8.725103735923767090e-02 -7.838741540908813477e-01 -5.900748372077941895e-01
-8.725103735923767090e-02 -7.838741540908813477e-01 -5.900748372077941895e-01
-1.014746725559234619e-03 -7.887321114540100098e-01 -5.545265674591064453e-01
4.507584273815155029e-01 3.635907173156738281e-02 6.432992219924926758e-02
-4.092814028263092041e-01 8.007310032844543457e-01 1.016440913081169128e-01
-2.419115155935287476e-01 -4.778441962116630748e-06 -1.377852261066436768e-01
1.478778570890426636e-01 7.858390212059020996e-01 3.977348804473876953e-01
1.478778570890426636e-01 7.858390212059020996e-01 3.977348804473876953e-01
2.072758227586746216e-01 7.351933717727661133e-01 4.232651591300964355e-01
4.425482153892517090e-01 -8.543401956558227539e-01 -2.642987370491027832e-01
-8.725103735923767090e-02 -7.838741540908813477e-01 -5.900748372077941895e-01
-1.013286486268043518e-01 7.920194864273071289e-01 3.798215389251708984e-01
-3.467382788658142090e-01 2.071279138326644897e-01 -3.790348172187805176e-01
-8.725103735923767090e-02 -7.838741540908813477e-01 -5.900748372077941895e-01
2.346211373805999756e-01 -2.613525390625000000e-01 1.141779869794845581e-01
1.774528026580810547e-01 1.027292106300592422e-02 -3.299404680728912354e-01
5.484330058097839355e-01 -8.430055975914001465e-01 -2.792511582374572754e-01
6.397099699825048447e-03 2.516348846256732941e-02 -7.000164128839969635e-03
-4.632995128631591797e-01 6.518799066543579102e-01 -2.786254696547985077e-02
