8.185402750968933105e-01 4.728202223777770996e-01 -3.988097310066223145e-01
-2.408074885606765747e-01 -8.823616430163383484e-03 -9.519292712211608887e-01
-2.532730698585510254e-01 5.142994597554206848e-02 -9.546380639076232910e-01
6.197586655616760254e-01 5.273840576410293579e-02 7.610012888908386230e-01
-9.483547806739807129e-01 -6.505195051431655884e-02 4.335629642009735107e-01
-2.772911638021469116e-02 1.066072005778551102e-02 3.655932545661926270e-01
6.197586655616760254e-01 5.273840576410293579e-02 7.610012888908386230e-01
-1.462977379560470581e-01 5.868601053953170776e-02 -8.622444868087768555e-01
1.234125792980194092e-01 -3.236846998333930969e-02 4.822484031319618225e-02
-7.631579637527465820e-01 -2.034302949905395508e-01 3.961272537708282471e-01
6.197586655616760254e-01 5.273840576410293579e-02 7.610012888908386230e-01
-5.149502158164978027e-01 5.054570734500885010e-02 1.303109377622604370e-01
2.711068689823150635e-01 -1.350931674242019653e-01 -9.971293807029724121e-02
-2.532730698585510254e-01 5.142994597554206848e-02 -9.546380639076232910e-01
-3.020523190498352051e-01 6.419164687395095825e-02 2.767586112022399902e-01
-1.508406400680541992e-01 -1.656578034162521362e-01 4.719813466072082520e-01
-4.358364094514399767e-04 -8.593858778476715088e-02 4.707878828048706055e-01
-7.631579637527465820e-01 -2.034302949905395508e-01 3.961272537708282471e-01
-8.196948170661926270e-01 -8.835362270474433899e-03 2.712094187736511230e-01
-6.353657841682434082e-01 -9.453878551721572876e-02 2.216347903013229370e-01
8.185402750968933105e-01 4.728202223777770996e-01 -3.988097310066223145e-01
8.185402750968933105e-01 4.728202223777770996e-01 -3.988097310066223145e-01
8.185402750968933105e-01 4.728202223777770996e-01 -3.988097310066223145e-01
5.057147145271301270e-01 1.804862357676029205e-02 7.561288475990295410e-01
8.874847292900085449e-01 9.619157761335372925e-02 -3.004921972751617432e-02
-7.631579637527465820e-01 -2.034302949905395508e-01 3.961272537708282471e-01
7.271817922592163086e-01 1.181298121809959412e-01 -3.425237834453582764e-01
8.185402750968933105e-01 4.728202223777770996e-01 -3.988097310066223145e-01
8.185402750968933105e-01 4.728202223777770996e-01 -3.988097310066223145e-01
6.197586655616760254e-01 5.273840576410293579e-02 7.610012888908386230e-01
-7.063274979591369629e-01 -1.646507829427719116e-01 4.637809693813323975e-01
-2.408074885606765747e-01 -8.823616430163383484e-03 -9.519292712211608887e-01
-2.532730698585510254e-01 5.142994597554206848e-02 -9.546380639076232910e-01
5.057147145271301270e-01 1.804862357676029205e-02 7.561288475990295410e-01
-2.532730698585510254e-01 5.142994597554206848e-02 -9.546380639076232910e-01
-1.458967775106430054e-01 -6.513998657464981079e-02 1.918915212154388428e-01
-2.532730698585510254e-01 5.142994597554206848e-02 -9.546380639076232910e-01
5.652583763003349304e-02 -2.053739726543426514e-01 2.346602380275726318e-01
6.197586655616760254e-01 5.273840576410293579e-02 7.610012888908386230e-01
-1.304892897605895996e-01 -5.746687948703765869e-02 -2.942716181278228760e-01
7.513383030891418457e-01 4.750818610191345215e-01 -3.807260990142822266e-01
-2.532730698585510254e-01 5.142994597554206848e-02 -9.546380639076232910e-01
7.348261475563049316e-01 1.769025623798370361e-02 -2.005120515823364258e-01
-3.474699258804321289e-01 5.572795122861862183e-02 3.510923683643341064e-01
-1.572087854146957397e-01 5.034124478697776794e-02 -9.021880626678466797e-01
-1.393793076276779175e-01 9.887183457612991333e-02 6.966311484575271606e-02
6.197586655616760254e-01 5.273840576410293579e-02 7.610012888908386230e-01
-2.408074885606765747e-01 -8.823616430163383484e-03 -9.519292712211608887e-01
-3.474699258804321289e-01 5.572795122861862183e-02 3.510923683643341064e-01
-8.300792574882507324e-01 -4.911065846681594849e-02 4.718788564205169678e-01
1.539850383996963501e-01 1.636032909154891968e-01 -6.471075117588043213e-02
-2.532730698585510254e-01 5.142994597554206848e-02 -9.546380639076232910e-01
-2.532730698585510254e-01 5.142994597554206848e-02 -9.546380639076232910e-01
-7.631579637527465820e-01 -2.034302949905395508e-01 3.961272537708282471e-01
6.197586655616760254e-01 5.273840576410293579e-02 7.610012888908386230e-01
8.185402750968933105e-01 4.728202223777770996e-01 -3.988097310066223145e-01
-1.151057928800582886e-01 8.567706495523452759e-02 -1.707321032881736755e-02
-7.631579637527465820e-01 -2.034302949905395508e-01 3.961272537708282471e-01
-2.969594001770019531e-01 4.540966823697090149e-02 -6.444529891014099121e-01
8.185402750968933105e-01 4.728202223777770996e-01 -3.988097310066223145e-01
-2.532730698585510254e-01 5.142994597554206848e-02 -9.546380639076232910e-01
4.980254545807838440e-02 -1.875324249267578125e-01 1.750864088535308838e-01
6.197586655616760254e-01 5.273840576410293579e-02 7.610012888908386230e-01
-5.183774828910827637e-01 -6.636711955070495605e-02 -2.029257118701934814e-01
8.185402750968933105e-01 4.728202223777770996e-01 -3.988097310066223145e-01
6.197586655616760254e-01 5.273840576410293579e-02 7.610012888908386230e-01
-2.532730698585510254e-01 5.142994597554206848e-02 -9.546380639076232910e-01
-2.532730698585510254e-01 5.142994597554206848e-02 -9.546380639076232910e-01
-1.297506410628557205e-02 -1.074316725134849548e-01 -1.168234869837760925e-01
-2.532730698585510254e-01 5.142994597554206848e-02 -9.546380639076232910e-01
-5.259081125259399414e-01 -7.938959635794162750e-03 4.423382282257080078e-01
-2.865961790084838867e-01 8.913041651248931885e-02 -7.145937681198120117e-01
-2.408074885606765747e-01 -8.823616430163383484e-03 -9.519292712211608887e-01
-2.532730698585510254e-01 5.142994597554206848e-02 -9.546380639076232910e-01
-7.118963003158569336e-01 8.935874700546264648e-02 4.399727880954742432e-01
-7.631579637527465820e-01 -2.034302949905395508e-01 3.961272537708282471e-01
5.275115370750427246e-01 8.617134392261505127e-02 7.071675062179565430e-01
-2.408074885606765747e-01 -8.823616430163383484e-03 -9.519292712211608887e-01
-7.631579637527465820e-01 -2.034302949905395508e-01 3.961272537708282471e-01
8.185402750968933105e-01 4.728202223777770996e-01 -3.988097310066223145e-01
8.185402750968933105e-01 4.728202223777770996e-01 -3.988097310066223145e-01
8.185402750968933105e-01 4.728202223777770996e-01 -3.988097310066223145e-01
1.542127281427383423e-01 -8.212079852819442749e-02 -1.775385886430740356e-01
-2.532730698585510254e-01 5.142994597554206848e-02 -9.546380639076232910e-01
1.833427697420120239e-01 -6.827593594789505005e-02 -1.339063197374343872e-01
-1.508406400680541992e-01 -1.656578034162521362e-01 4.719813466072082520e-01
1.136055216193199158e-01 -4.113334417343139648e-02 4.620095714926719666e-02
-2.458460927009582520e-01 4.021372273564338684e-02 -3.327459096908569336e-01
-2.532730698585510254e-01 5.142994597554206848e-02 -9.546380639076232910e-01
-7.631579637527465820e-01 -2.034302949905395508e-01 3.961272537708282471e-01
-7.676090598106384277e-01 2.422602474689483643e-02 5.126351118087768555e-01
8.185402750968933105e-01 4.728202223777770996e-01 -3.988097310066223145e-01
6.197586655616760254e-01 5.273840576410293579e-02 7.610012888908386230e-01
-7.631579637527465820e-01 -2.034302949905395508e-01 3.961272537708282471e-01
6.229475140571594238e-01 7.989179342985153198e-02 -4.978734254837036133e-01
-7.631579637527465820e-01 -2.034302949905395508e-01 3.961272537708282471e-01
-7.063274979591369629e-01 -1.646507829427719116e-01 4.637809693813323975e-01
-7.631579637527465820e-01 -2.034302949905395508e-01 3.961272537708282471e-01
-6.363952159881591797e-01 1.627783626317977905e-01 3.593132793903350830e-01
-4.466620385646820068e-01 1.310013234615325928e-01 2.828734517097473145e-01
-2.532730698585510254e-01 5.142994597554206848e-02 -9.546380639076232910e-01
2.270007580518722534e-01 -7.754348963499069214e-02 -2.043835520744323730e-01
-7.631579637527465820e-01 -2.034302949905395508e-01 3.961272537708282471e-01
8.185402750968933105e-01 4.728202223777770996e-01 -3.988097310066223145e-01
-2.408074885606765747e-01 -8.823616430163383484e-03 -9.519292712211608887e-01
7.012233138084411621e-01 3.582415729761123657e-02 -2.997844517230987549e-01
-2.532730698585510254e-01 5.142994597554206848e-02 -9.546380639076232910e-01
8.185402750968933105e-01 4.728202223777770996e-01 -3.988097310066223145e-01
8.973854780197143555e-01 4.367057606577873230e-02 6.161633878946304321e-03
8.185402750968933105e-01 4.728202223777770996e-01 -3.988097310066223145e-01
-2.408074885606765747e-01 -8.823616430163383484e-03 -9.519292712211608887e-01
8.185402750968933105e-01 4.728202223777770996e-01 -3.988097310066223145e-01
-7.631579637527465820e-01 -2.034302949905395508e-01 3.961272537708282471e-01
-5.259081125259399414e-01 -7.938959635794162750e-03 4.423382282257080078e-01
-2.532730698585510254e-01 5.142994597554206848e-02 -9.546380639076232910e-01
5.057147145271301270e-01 1.804862357676029205e-02 7.561288475990295410e-01
8.185402750968933105e-01 4.728202223777770996e-01 -3.988097310066223145e-01
6.512131094932556152e-01 4.612024873495101929e-02 6.929209232330322266e-01
-5.896009206771850586e-01 1.270079314708709717e-01 2.008897960186004639e-01
-2.408074885606765747e-01 -8.823616430163383484e-03 -9.519292712211608887e-01
-2.140462249517440796e-01 -1.844687387347221375e-02 -2.806551158428192139e-01
-8.364554494619369507e-02 -1.926510781049728394e-01 4.526962637901306152e-01
8.185402750968933105e-01 4.728202223777770996e-01 -3.988097310066223145e-01
6.197586655616760254e-01 5.273840576410293579e-02 7.610012888908386230e-01
-2.532730698585510254e-01 5.142994597554206848e-02 -9.546380639076232910e-01
6.197586655616760254e-01 5.273840576410293579e-02 7.610012888908386230e-01
-1.618837714195251465e-01 7.131528109312057495e-02 -4.333851858973503113e-02
7.513383030891418457e-01 4.750818610191345215e-01 -3.807260990142822266e-01
1.994389146566390991e-01 -1.235831752419471741e-01 -1.375245600938796997e-01
-1.204439401626586914e-01 -1.810531318187713623e-01 -1.671687066555023193e-01
-2.532730698585510254e-01 5.142994597554206848e-02 -9.546380639076232910e-01
-7.631579637527465820e-01 -2.034302949905395508e-01 3.961272537708282471e-01
-2.532730698585510254e-01 5.142994597554206848e-02 -9.546380639076232910e-01
-1.636611670255661011e-01 -1.574144698679447174e-02 3.580455482006072998e-01
-2.408074885606765747e-01 -8.823616430163383484e-03 -9.519292712211608887e-01
1.219329833984375000e-01 1.506330370903015137e-01 -5.329528823494911194e-02
8.185402750968933105e-01 4.728202223777770996e-01 -3.988097310066223145e-01
7.647211551666259766e-01 2.835354208946228027e-01 -4.091514050960540771e-01
-7.803319394588470459e-02 -9.370859712362289429e-02 -1.724027544260025024e-01
4.091168344020843506e-01 -3.980528190732002258e-02 6.342032551765441895e-01
-2.408074885606765747e-01 -8.823616430163383484e-03 -9.519292712211608887e-01
8.185402750968933105e-01 4.728202223777770996e-01 -3.988097310066223145e-01
-7.631579637527465820e-01 -2.034302949905395508e-01 3.961272537708282471e-01
5.354219675064086914e-01 -6.557812541723251343e-02 -2.940603792667388916e-01
-7.631579637527465820e-01 -2.034302949905395508e-01 3.961272537708282471e-01
-7.676090598106384277e-01 2.422602474689483643e-02 5.126351118087768555e-01
-8.364554494619369507e-02 -1.926510781049728394e-01 4.526962637901306152e-01
4.323323369026184082e-01 -1.409715740010142326e-03 -1.191361919045448303e-01
-8.918678760528564453e-01 -7.130828499794006348e-02 4.442687034606933594e-01
-7.063274979591369629e-01 -1.646507829427719116e-01 4.637809693813323975e-01
6.512131094932556152e-01 4.612024873495101929e-02 6.929209232330322266e-01
-2.532730698585510254e-01 5.142994597554206848e-02 -9.546380639076232910e-01
-7.631579637527465820e-01 -2.034302949905395508e-01 3.961272537708282471e-01
5.700105428695678711e-02 -7.520060986280441284e-02 2.531118690967559814e-01
-1.718929857015609741e-01 -3.194268792867660522e-03 4.603507816791534424e-01
4.942160472273826599e-02 3.174144029617309570e-02 4.396826326847076416e-01
9.088822454214096069e-02 -1.736424118280410767e-01 1.885529309511184692e-01
-7.631579637527465820e-01 -2.034302949905395508e-01 3.961272537708282471e-01
8.185402750968933105e-01 4.728202223777770996e-01 -3.988097310066223145e-01
-1.572087854146957397e-01 5.034124478697776794e-02 -9.021880626678466797e-01
8.185402750968933105e-01 4.728202223777770996e-01 -3.988097310066223145e-01
5.057147145271301270e-01 1.804862357676029205e-02 7.561288475990295410e-01
-2.408074885606765747e-01 -8.823616430163383484e-03 -9.519292712211608887e-01
8.185402750968933105e-01 4.728202223777770996e-01 -3.988097310066223145e-01
6.197586655616760254e-01 5.273840576410293579e-02 7.610012888908386230e-01
-7.631579637527465820e-01 -2.034302949905395508e-01 3.961272537708282471e-01
4.479075670242309570e-01 -6.872886419296264648e-02 -1.013351827859878540e-01
6.197586655616760254e-01 5.273840576410293579e-02 7.610012888908386230e-01
-8.551783859729766846e-02 -1.961699873208999634e-01 -1.443845778703689575e-01
8.185402750968933105e-01 4.728202223777770996e-01 -3.988097310066223145e-01
1.274740993976593018e-01 1.580848940648138523e-03 5.567607879638671875e-01
-7.631579637527465820e-01 -2.034302949905395508e-01 3.961272537708282471e-01
5.138260126113891602e-01 9.472307562828063965e-02 -6.941312551498413086e-01
-4.574297666549682617e-01 1.156805157661437988e-01 1.497932970523834229e-01
-9.483547806739807129e-01 -6.505195051431655884e-02 4.335629642009735107e-01
4.717225208878517151e-02 4.504462238401174545e-03 -9.363287687301635742e-02
6.197586655616760254e-01 5.273840576410293579e-02 7.610012888908386230e-01
-2.532730698585510254e-01 5.142994597554206848e-02 -9.546380639076232910e-01
9.198570847511291504e-01 6.338348984718322754e-02 -4.786609858274459839e-02
8.185402750968933105e-01 4.728202223777770996e-01 -3.988097310066223145e-01
8.185402750968933105e-01 4.728202223777770996e-01 -3.988097310066223145e-01
7.513383030891418457e-01 4.750818610191345215e-01 -3.807260990142822266e-01
9.368757009506225586e-01 9.095995128154754639e-02 -1.060988679528236389e-01
8.185402750968933105e-01 4.728202223777770996e-01 -3.988097310066223145e-01
-7.063274979591369629e-01 -1.646507829427719116e-01 4.637809693813323975e-01
6.197586655616760254e-01 5.273840576410293579e-02 7.610012888908386230e-01
7.513383030891418457e-01 4.750818610191345215e-01 -3.807260990142822266e-01
-2.532730698585510254e-01 5.142994597554206848e-02 -9.546380639076232910e-01
7.556782960891723633e-01 3.249704092741012573e-02 -2.383441329002380371e-01
-3.474699258804321289e-01 5.572795122861862183e-02 3.510923683643341064e-01
5.138260126113891602e-01 9.472307562828063965e-02 -6.941312551498413086e-01
-2.408074885606765747e-01 -8.823616430163383484e-03 -9.519292712211608887e-01
6.197586655616760254e-01 5.273840576410293579e-02 7.610012888908386230e-01
-6.793205142021179199e-01 9.800243377685546875e-02 3.128549456596374512e-01
4.663845598697662354e-01 5.510416626930236816e-02 -3.526166677474975586e-01
6.197586655616760254e-01 5.273840576410293579e-02 7.610012888908386230e-01
5.057147145271301270e-01 1.804862357676029205e-02 7.561288475990295410e-01
5.057147145271301270e-01 1.804862357676029205e-02 7.561288475990295410e-01
-7.631579637527465820e-01 -2.034302949905395508e-01 3.961272537708282471e-01
3.036642968654632568e-01 -8.097694814205169678e-02 -3.632102161645889282e-02
-2.408074885606765747e-01 -8.823616430163383484e-03 -9.519292712211608887e-01
8.185402750968933105e-01 4.728202223777770996e-01 -3.988097310066223145e-01
8.185402750968933105e-01 4.728202223777770996e-01 -3.988097310066223145e-01
-8.364554494619369507e-02 -1.926510781049728394e-01 4.526962637901306152e-01
8.185402750968933105e-01 4.728202223777770996e-01 -3.988097310066223145e-01
-2.532730698585510254e-01 5.142994597554206848e-02 -9.546380639076232910e-01
8.324453830718994141e-01 4.405914843082427979e-01 -4.370774924755096436e-01
-4.500253871083259583e-02 -5.476802587509155273e-02 1.621173471212387085e-01
-3.474699258804321289e-01 5.572795122861862183e-02 3.510923683643341064e-01
-8.364554494619369507e-02 -1.926510781049728394e-01 4.526962637901306152e-01
-8.364554494619369507e-02 -1.926510781049728394e-01 4.526962637901306152e-01
8.185402750968933105e-01 4.728202223777770996e-01 -3.988097310066223145e-01
-7.631579637527465820e-01 -2.034302949905395508e-01 3.961272537708282471e-01
8.185402750968933105e-01 4.728202223777770996e-01 -3.988097310066223145e-01
5.229347348213195801e-01 8.290408551692962646e-02 -5.614535808563232422e-01
-2.532730698585510254e-01 5.142994597554206848e-02 -9.546380639076232910e-01
2.711068689823150635e-01 -1.350931674242019653e-01 -9.971293807029724121e-02
-2.408074885606765747e-01 -8.823616430163383484e-03 -9.519292712211608887e-01
8.185402750968933105e-01 4.728202223777770996e-01 -3.988097310066223145e-01
4.326203465461730957e-01 1.738613694906234741e-01 -2.105631381273269653e-01
-4.897560477256774902e-01 -1.636108756065368652e-02 3.034512400627136230e-01
6.197586655616760254e-01 5.273840576410293579e-02 7.610012888908386230e-01
6.197586655616760254e-01 5.273840576410293579e-02 7.610012888908386230e-01
8.185402750968933105e-01 4.728202223777770996e-01 -3.988097310066223145e-01
-7.234463840723037720e-02 1.416890919208526611e-01 4.794025793671607971e-02
-4.210950732231140137e-01 -1.773467659950256348e-01 -1.555119752883911133e-01
3.347681462764739990e-01 -1.018633097410202026e-01 -1.066190674901008606e-01
-3.275593519210815430e-01 1.952504552900791168e-02 -7.964521646499633789e-02
6.197586655616760254e-01 5.273840576410293579e-02 7.610012888908386230e-01
-7.631579637527465820e-01 -2.034302949905395508e-01 3.961272537708282471e-01
-2.408074885606765747e-01 -8.823616430163383484e-03 -9.519292712211608887e-01
-9.483547806739807129e-01 -6.505195051431655884e-02 4.335629642009735107e-01
6.197586655616760254e-01 5.273840576410293579e-02 7.610012888908386230e-01
-7.631579637527465820e-01 -2.034302949905395508e-01 3.961272537708282471e-01
-9.483547806739807129e-01 -6.505195051431655884e-02 4.335629642009735107e-01
-5.175477266311645508e-01 7.508912682533264160e-02 9.864149242639541626e-02
8.185402750968933105e-01 4.728202223777770996e-01 -3.988097310066223145e-01
8.185402750968933105e-01 4.728202223777770996e-01 -3.988097310066223145e-01
8.185402750968933105e-01 4.728202223777770996e-01 -3.988097310066223145e-01
-7.631579637527465820e-01 -2.034302949905395508e-01 3.961272537708282471e-01
6.197586655616760254e-01 5.273840576410293579e-02 7.610012888908386230e-01
-4.358364094514399767e-04 -8.593858778476715088e-02 4.707878828048706055e-01
-2.532730698585510254e-01 5.142994597554206848e-02 -9.546380639076232910e-01
8.185402750968933105e-01 4.728202223777770996e-01 -3.988097310066223145e-01
9.368757009506225586e-01 9.095995128154754639e-02 -1.060988679528236389e-01
8.185402750968933105e-01 4.728202223777770996e-01 -3.988097310066223145e-01
7.925727367401123047e-01 3.515382111072540283e-01 -4.228716790676116943e-01
8.185402750968933105e-01 4.728202223777770996e-01 -3.988097310066223145e-01
-2.865961790084838867e-01 8.913041651248931885e-02 -7.145937681198120117e-01
7.513383030891418457e-01 4.750818610191345215e-01 -3.807260990142822266e-01
8.185402750968933105e-01 4.728202223777770996e-01 -3.988097310066223145e-01
-7.631579637527465820e-01 -2.034302949905395508e-01 3.961272537708282471e-01
2.265231311321258545e-02 1.087803989648818970e-01 6.652279198169708252e-02
6.182797551155090332e-01 5.975700914859771729e-02 -7.142683267593383789e-01
-2.408074885606765747e-01 -8.823616430163383484e-03 -9.519292712211608887e-01
8.185402750968933105e-01 4.728202223777770996e-01 -3.988097310066223145e-01
-4.647510945796966553e-01 -1.670519113540649414e-01 -1.071454733610153198e-01
-8.364554494619369507e-02 -1.926510781049728394e-01 4.526962637901306152e-01
-7.631579637527465820e-01 -2.034302949905395508e-01 3.961272537708282471e-01
8.185402750968933105e-01 4.728202223777770996e-01 -3.988097310066223145e-01
5.980688929557800293e-01 7.605460286140441895e-02 -7.055411338806152344e-01
-7.631579637527465820e-01 -2.034302949905395508e-01 3.961272537708282471e-01
-2.865961790084838867e-01 8.913041651248931885e-02 -7.145937681198120117e-01
8.185402750968933105e-01 4.728202223777770996e-01 -3.988097310066223145e-01
8.185402750968933105e-01 4.728202223777770996e-01 -3.988097310066223145e-01
-2.792378365993499756e-01 3.031316911801695824e-03 -1.998781561851501465e-01
2.711068689823150635e-01 -1.350931674242019653e-01 -9.971293807029724121e-02
-2.408074885606765747e-01 -8.823616430163383484e-03 -9.519292712211608887e-01
5.980688929557800293e-01 7.605460286140441895e-02 -7.055411338806152344e-01
7.535260319709777832e-01 5.528911715373396873e-04 -4.327516555786132812e-01
8.185402750968933105e-01 4.728202223777770996e-01 -3.988097310066223145e-01
5.057147145271301270e-01 1.804862357676029205e-02 7.561288475990295410e-01
6.512131094932556152e-01 4.612024873495101929e-02 6.929209232330322266e-01
-5.501950383186340332e-01 -1.284676194190979004e-01 3.063094615936279297e-01
8.185402750968933105e-01 4.728202223777770996e-01 -3.988097310066223145e-01
8.973854780197143555e-01 4.367057606577873230e-02 6.161633878946304321e-03
8.520330302417278290e-03 1.470209099352359772e-04 -1.102187484502792358e-01
8.185402750968933105e-01 4.728202223777770996e-01 -3.988097310066223145e-01
2.711068689823150635e-01 -1.350931674242019653e-01 -9.971293807029724121e-02
8.185402750968933105e-01 4.728202223777770996e-01 -3.988097310066223145e-01
8.185402750968933105e-01 4.728202223777770996e-01 -3.988097310066223145e-01
-5.287798643112182617e-01 -1.529379636049270630e-01 -1.937315911054611206e-01
7.513383030891418457e-01 4.750818610191345215e-01 -3.807260990142822266e-01
5.057147145271301270e-01 1.804862357676029205e-02 7.561288475990295410e-01
1.510881185531616211e-01 -9.559958428144454956e-02 5.011465772986412048e-02
-8.774627745151519775e-02 -1.611518561840057373e-01 -1.760164201259613037e-01
4.091168344020843506e-01 -3.980528190732002258e-02 6.342032551765441895e-01
4.091168344020843506e-01 -3.980528190732002258e-02 6.342032551765441895e-01
-6.363952159881591797e-01 1.627783626317977905e-01 3.593132793903350830e-01
9.368757009506225586e-01 9.095995128154754639e-02 -1.060988679528236389e-01
-1.508406400680541992e-01 -1.656578034162521362e-01 4.719813466072082520e-01
-5.287798643112182617e-01 -1.529379636049270630e-01 -1.937315911054611206e-01
8.185402750968933105e-01 4.728202223777770996e-01 -3.988097310066223145e-01
-8.364554494619369507e-02 -1.926510781049728394e-01 4.526962637901306152e-01
8.185402750968933105e-01 4.728202223777770996e-01 -3.988097310066223145e-01
1.533710509538650513e-01 -7.234704494476318359e-02 2.965891920030117035e-02
5.702153444290161133e-01 6.518320646136999130e-03 -4.837418198585510254e-01
-8.364554494619369507e-02 -1.926510781049728394e-01 4.526962637901306152e-01
-5.287798643112182617e-01 -1.529379636049270630e-01 -1.937315911054611206e-01
-8.774627745151519775e-02 -1.611518561840057373e-01 -1.760164201259613037e-01
5.057147145271301270e-01 1.804862357676029205e-02 7.561288475990295410e-01
6.197586655616760254e-01 5.273840576410293579e-02 7.610012888908386230e-01
-2.408074885606765747e-01 -8.823616430163383484e-03 -9.519292712211608887e-01
5.652583763003349304e-02 -2.053739726543426514e-01 2.346602380275726318e-01
8.185402750968933105e-01 4.728202223777770996e-01 -3.988097310066223145e-01
-5.287798643112182617e-01 -1.529379636049270630e-01 -1.937315911054611206e-01
6.197586655616760254e-01 5.273840576410293579e-02 7.610012888908386230e-01
-2.532730698585510254e-01 5.142994597554206848e-02 -9.546380639076232910e-01
-1.572087854146957397e-01 5.034124478697776794e-02 -9.021880626678466797e-01
6.197586655616760254e-01 5.273840576410293579e-02 7.610012888908386230e-01
-5.183774828910827637e-01 -6.636711955070495605e-02 -2.029257118701934814e-01
6.197586655616760254e-01 5.273840576410293579e-02 7.610012888908386230e-01
-2.408074885606765747e-01 -8.823616430163383484e-03 -9.519292712211608887e-01
-5.287798643112182617e-01 -1.529379636049270630e-01 -1.937315911054611206e-01
-2.532730698585510254e-01 5.142994597554206848e-02 -9.546380639076232910e-01
-2.408074885606765747e-01 -8.823616430163383484e-03 -9.519292712211608887e-01
-5.287798643112182617e-01 -1.529379636049270630e-01 -1.937315911054611206e-01
-7.716389298439025879e-01 -4.542018100619316101e-02 2.394236028194427490e-01
9.036912024021148682e-02 -8.989731967449188232e-02 -4.174682870507240295e-02
6.197586655616760254e-01 5.273840576410293579e-02 7.610012888908386230e-01
5.652583763003349304e-02 -2.053739726543426514e-01 2.346602380275726318e-01
8.185402750968933105e-01 4.728202223777770996e-01 -3.988097310066223145e-01
5.290718078613281250e-01 -1.667124452069401741e-03 -3.869618177413940430e-01
-1.718929857015609741e-01 -3.194268792867660522e-03 4.603507816791534424e-01
8.185402750968933105e-01 4.728202223777770996e-01 -3.988097310066223145e-01
8.185402750968933105e-01 4.728202223777770996e-01 -3.988097310066223145e-01
-8.944597095251083374e-02 -1.818550378084182739e-02 1.364934891462326050e-01
4.676566720008850098e-01 -1.961614005267620087e-03 7.193586826324462891e-01
8.185402750968933105e-01 4.728202223777770996e-01 -3.988097310066223145e-01
-4.803532063961029053e-01 1.558920294046401978e-01 2.580756843090057373e-01
4.091168344020843506e-01 -3.980528190732002258e-02 6.342032551765441895e-01
-7.631579637527465820e-01 -2.034302949905395508e-01 3.961272537708282471e-01
8.185402750968933105e-01 4.728202223777770996e-01 -3.988097310066223145e-01
5.275115370750427246e-01 8.617134392261505127e-02 7.071675062179565430e-01
-5.287798643112182617e-01 -1.529379636049270630e-01 -1.937315911054611206e-01
8.185402750968933105e-01 4.728202223777770996e-01 -3.988097310066223145e-01
-2.532730698585510254e-01 5.142994597554206848e-02 -9.546380639076232910e-01
8.185402750968933105e-01 4.728202223777770996e-01 -3.988097310066223145e-01
8.185402750968933105e-01 4.728202223777770996e-01 -3.988097310066223145e-01
-2.408074885606765747e-01 -8.823616430163383484e-03 -9.519292712211608887e-01
-8.918678760528564453e-01 -7.130828499794006348e-02 4.442687034606933594e-01
6.182797551155090332e-01 5.975700914859771729e-02 -7.142683267593383789e-01
4.479075670242309570e-01 -6.872886419296264648e-02 -1.013351827859878540e-01
-7.063274979591369629e-01 -1.646507829427719116e-01 4.637809693813323975e-01
-8.179468661546707153e-02 -9.693504869937896729e-02 -1.098488867282867432e-01
-7.631579637527465820e-01 -2.034302949905395508e-01 3.961272537708282471e-01
6.197586655616760254e-01 5.273840576410293579e-02 7.610012888908386230e-01
-7.631579637527465820e-01 -2.034302949905395508e-01 3.961272537708282471e-01
-9.483547806739807129e-01 -6.505195051431655884e-02 4.335629642009735107e-01
-6.941254734992980957e-01 -1.164150685071945190e-01 2.570373713970184326e-01
-2.680207192897796631e-01 -1.002063825726509094e-01 1.856267452239990234e-01
-2.408074885606765747e-01 -8.823616430163383484e-03 -9.519292712211608887e-01
-2.408074885606765747e-01 -8.823616430163383484e-03 -9.519292712211608887e-01
3.460939228534698486e-01 1.442057490348815918e-01 -1.099173203110694885e-01
8.185402750968933105e-01 4.728202223777770996e-01 -3.988097310066223145e-01
-8.364554494619369507e-02 -1.926510781049728394e-01 4.526962637901306152e-01
-2.532730698585510254e-01 5.142994597554206848e-02 -9.546380639076232910e-01
-2.408074885606765747e-01 -8.823616430163383484e-03 -9.519292712211608887e-01
-7.631579637527465820e-01 -2.034302949905395508e-01 3.961272537708282471e-01
-6.263986229896545410e-01 -7.518900185823440552e-02 4.376008510589599609e-01
6.512131094932556152e-01 4.612024873495101929e-02 6.929209232330322266e-01
-2.532730698585510254e-01 5.142994597554206848e-02 -9.546380639076232910e-01
-2.532730698585510254e-01 5.142994597554206848e-02 -9.546380639076232910e-01
-1.462977379560470581e-01 5.868601053953170776e-02 -8.622444868087768555e-01
-7.631579637527465820e-01 -2.034302949905395508e-01 3.961272537708282471e-01
-7.631579637527465820e-01 -2.034302949905395508e-01 3.961272537708282471e-01
8.185402750968933105e-01 4.728202223777770996e-01 -3.988097310066223145e-01
-2.532730698585510254e-01 5.142994597554206848e-02 -9.546380639076232910e-01
-2.532730698585510254e-01 5.142994597554206848e-02 -9.546380639076232910e-01
-2.532730698585510254e-01 5.142994597554206848e-02 -9.546380639076232910e-01
-8.142319917678833008e-01 9.508448839187622070e-02 3.626971840858459473e-01
-8.918678760528564453e-01 -7.130828499794006348e-02 4.442687034606933594e-01
6.197586655616760254e-01 5.273840576410293579e-02 7.610012888908386230e-01
1.892576515674591064e-01 -4.205023497343063354e-02 -7.300856988877058029e-03
-7.631579637527465820e-01 -2.034302949905395508e-01 3.961272537708282471e-01
-2.408074885606765747e-01 -8.823616430163383484e-03 -9.519292712211608887e-01
2.229483872652053833e-01 9.913461655378341675e-02 -2.346207648515701294e-01
6.197586655616760254e-01 5.273840576410293579e-02 7.610012888908386230e-01
6.182797551155090332e-01 5.975700914859771729e-02 -7.142683267593383789e-01
5.019732117652893066e-01 7.512146979570388794e-02 -6.954976916313171387e-01
8.185402750968933105e-01 4.728202223777770996e-01 -3.988097310066223145e-01
-3.536333441734313965e-01 1.766490563750267029e-02 -3.455536663532257080e-01
1.994389146566390991e-01 -1.235831752419471741e-01 -1.375245600938796997e-01
8.185402750968933105e-01 4.728202223777770996e-01 -3.988097310066223145e-01
-2.532730698585510254e-01 5.142994597554206848e-02 -9.546380639076232910e-01
6.445853505283594131e-03 -1.498554199934005737e-01 3.378117978572845459e-01
6.197586655616760254e-01 5.273840576410293579e-02 7.610012888908386230e-01
-2.792378365993499756e-01 3.031316911801695824e-03 -1.998781561851501465e-01
-2.532730698585510254e-01 5.142994597554206848e-02 -9.546380639076232910e-01
8.185402750968933105e-01 4.728202223777770996e-01 -3.988097310066223145e-01
-7.877466827630996704e-02 -5.464791133999824524e-02 -1.973429918289184570e-01
-2.408074885606765747e-01 -8.823616430163383484e-03 -9.519292712211608887e-01
-9.483547806739807129e-01 -6.505195051431655884e-02 4.335629642009735107e-01
8.185402750968933105e-01 4.728202223777770996e-01 -3.988097310066223145e-01
-7.631579637527465820e-01 -2.034302949905395508e-01 3.961272537708282471e-01
4.091168344020843506e-01 -3.980528190732002258e-02 6.342032551765441895e-01
-1.493065431714057922e-02 -1.903697252273559570e-01 1.536447256803512573e-01
8.185402750968933105e-01 4.728202223777770996e-01 -3.988097310066223145e-01
1.694249063730239868e-01 -1.146698370575904846e-01 -7.843723893165588379e-02
8.185402750968933105e-01 4.728202223777770996e-01 -3.988097310066223145e-01
-2.408074885606765747e-01 -8.823616430163383484e-03 -9.519292712211608887e-01
5.057147145271301270e-01 1.804862357676029205e-02 7.561288475990295410e-01
-7.631579637527465820e-01 -2.034302949905395508e-01 3.961272537708282471e-01
8.185402750968933105e-01 4.728202223777770996e-01 -3.988097310066223145e-01
7.513383030891418457e-01 4.750818610191345215e-01 -3.807260990142822266e-01
-7.631579637527465820e-01 -2.034302949905395508e-01 3.961272537708282471e-01
-2.532730698585510254e-01 5.142994597554206848e-02 -9.546380639076232910e-01
8.185402750968933105e-01 4.728202223777770996e-01 -3.988097310066223145e-01
-2.532730698585510254e-01 5.142994597554206848e-02 -9.546380639076232910e-01
-4.423854351043701172e-01 -1.386000663042068481e-01 -1.107652708888053894e-01
8.185402750968933105e-01 4.728202223777770996e-01 -3.988097310066223145e-01
8.185402750968933105e-01 4.728202223777770996e-01 -3.988097310066223145e-01
3.036642968654632568e-01 -8.097694814205169678e-02 -3.632102161645889282e-02
8.185402750968933105e-01 4.728202223777770996e-01 -3.988097310066223145e-01
-2.408074885606765747e-01 -8.823616430163383484e-03 -9.519292712211608887e-01
6.197586655616760254e-01 5.273840576410293579e-02 7.610012888908386230e-01
-7.631579637527465820e-01 -2.034302949905395508e-01 3.961272537708282471e-01
-7.631579637527465820e-01 -2.034302949905395508e-01 3.961272537708282471e-01
8.185402750968933105e-01 4.728202223777770996e-01 -3.988097310066223145e-01
-4.623898863792419434e-01 -1.676137447357177734e-01 -1.063133627176284790e-01
-5.287798643112182617e-01 -1.529379636049270630e-01 -1.937315911054611206e-01
8.185402750968933105e-01 4.728202223777770996e-01 -3.988097310066223145e-01
-2.408074885606765747e-01 -8.823616430163383484e-03 -9.519292712211608887e-01
8.185402750968933105e-01 4.728202223777770996e-01 -3.988097310066223145e-01
5.057147145271301270e-01 1.804862357676029205e-02 7.561288475990295410e-01
-1.814694702625274658e-01 -1.929829567670822144e-01 -1.147679015994071960e-01
-1.718929857015609741e-01 -3.194268792867660522e-03 4.603507816791534424e-01
-7.631579637527465820e-01 -2.034302949905395508e-01 3.961272537708282471e-01
8.185402750968933105e-01 4.728202223777770996e-01 -3.988097310066223145e-01
-2.532730698585510254e-01 5.142994597554206848e-02 -9.546380639076232910e-01
7.513383030891418457e-01 4.750818610191345215e-01 -3.807260990142822266e-01
-1.853089779615402222e-01 -1.863502860069274902e-01 -1.592873185873031616e-01
-2.408074885606765747e-01 -8.823616430163383484e-03 -9.519292712211608887e-01
8.185402750968933105e-01 4.728202223777770996e-01 -3.988097310066223145e-01
-2.532730698585510254e-01 5.142994597554206848e-02 -9.546380639076232910e-01
-7.631579637527465820e-01 -2.034302949905395508e-01 3.961272537708282471e-01
-5.287798643112182617e-01 -1.529379636049270630e-01 -1.937315911054611206e-01
-5.287798643112182617e-01 -1.529379636049270630e-01 -1.937315911054611206e-01
-7.063274979591369629e-01 -1.646507829427719116e-01 4.637809693813323975e-01
-8.928612470626831055e-01 3.484374284744262695e-02 4.981786906719207764e-01
7.513383030891418457e-01 4.750818610191345215e-01 -3.807260990142822266e-01
-7.631579637527465820e-01 -2.034302949905395508e-01 3.961272537708282471e-01
5.275115370750427246e-01 8.617134392261505127e-02 7.071675062179565430e-01
-3.682067394256591797e-01 -1.154919806867837906e-02 -3.474954962730407715e-01
-2.532730698585510254e-01 5.142994597554206848e-02 -9.546380639076232910e-01
6.197586655616760254e-01 5.273840576410293579e-02 7.610012888908386230e-01
8.324453830718994141e-01 4.405914843082427979e-01 -4.370774924755096436e-01
-7.631579637527465820e-01 -2.034302949905395508e-01 3.961272537708282471e-01
-2.408074885606765747e-01 -8.823616430163383484e-03 -9.519292712211608887e-01
6.197586655616760254e-01 5.273840576410293579e-02 7.610012888908386230e-01
4.717225208878517151e-02 4.504462238401174545e-03 -9.363287687301635742e-02
8.135522007942199707e-01 1.855490170419216156e-02 -1.487616002559661865e-01
-3.172338306903839111e-01 1.052179709076881409e-01 1.524187624454498291e-01
7.624577283859252930e-01 1.935926228761672974e-01 -3.723573684692382812e-01
-7.439705133438110352e-01 4.911826923489570618e-02 2.598659098148345947e-01
-2.532730698585510254e-01 5.142994597554206848e-02 -9.546380639076232910e-01
-2.408074885606765747e-01 -8.823616430163383484e-03 -9.519292712211608887e-01
1.455122977495193481e-02 3.009949810802936554e-02 1.454676985740661621e-01
6.197586655616760254e-01 5.273840576410293579e-02 7.610012888908386230e-01
1.833427697420120239e-01 -6.827593594789505005e-02 -1.339063197374343872e-01
-3.882303237915039062e-01 -1.774823516607284546e-01 -1.291038691997528076e-01
-8.364554494619369507e-02 -1.926510781049728394e-01 4.526962637901306152e-01
-1.462977379560470581e-01 5.868601053953170776e-02 -8.622444868087768555e-01
-7.631579637527465820e-01 -2.034302949905395508e-01 3.961272537708282471e-01
8.985816240310668945e-01 4.865815490484237671e-02 -8.238486945629119873e-02
5.138260126113891602e-01 9.472307562828063965e-02 -6.941312551498413086e-01
8.185402750968933105e-01 4.728202223777770996e-01 -3.988097310066223145e-01
-5.961508750915527344e-01 1.326487809419631958e-01 4.046155512332916260e-01
-6.511418223381042480e-01 1.120604202151298523e-01 3.716239333152770996e-01
8.185402750968933105e-01 4.728202223777770996e-01 -3.988097310066223145e-01
1.774005889892578125e-01 -1.218643933534622192e-01 -8.190672844648361206e-02
-7.357742786407470703e-01 -1.602772772312164307e-01 4.221974909305572510e-01
6.197586655616760254e-01 5.273840576410293579e-02 7.610012888908386230e-01
-7.631579637527465820e-01 -2.034302949905395508e-01 3.961272537708282471e-01
8.185402750968933105e-01 4.728202223777770996e-01 -3.988097310066223145e-01
9.088822454214096069e-02 -1.736424118280410767e-01 1.885529309511184692e-01
-7.631579637527465820e-01 -2.034302949905395508e-01 3.961272537708282471e-01
-5.896009206771850586e-01 1.270079314708709717e-01 2.008897960186004639e-01
-7.631579637527465820e-01 -2.034302949905395508e-01 3.961272537708282471e-01
-1.059884652495384216e-01 1.107466220855712891e-01 -3.741938620805740356e-02
-5.287798643112182617e-01 -1.529379636049270630e-01 -1.937315911054611206e-01
-4.210950732231140137e-01 -1.773467659950256348e-01 -1.555119752883911133e-01
8.185402750968933105e-01 4.728202223777770996e-01 -3.988097310066223145e-01
8.973854780197143555e-01 4.367057606577873230e-02 6.161633878946304321e-03
6.197586655616760254e-01 5.273840576410293579e-02 7.610012888908386230e-01
-7.631579637527465820e-01 -2.034302949905395508e-01 3.961272537708282471e-01
8.185402750968933105e-01 4.728202223777770996e-01 -3.988097310066223145e-01
8.255463242530822754e-01 2.193435840308666229e-02 -6.115295737981796265e-02
8.185402750968933105e-01 4.728202223777770996e-01 -3.988097310066223145e-01
-7.631579637527465820e-01 -2.034302949905395508e-01 3.961272537708282471e-01
-2.532730698585510254e-01 5.142994597554206848e-02 -9.546380639076232910e-01
-2.408074885606765747e-01 -8.823616430163383484e-03 -9.519292712211608887e-01
-2.532730698585510254e-01 5.142994597554206848e-02 -9.546380639076232910e-01
-7.631579637527465820e-01 -2.034302949905395508e-01 3.961272537708282471e-01
-2.408074885606765747e-01 -8.823616430163383484e-03 -9.519292712211608887e-01
-2.532730698585510254e-01 5.142994597554206848e-02 -9.546380639076232910e-01
8.185402750968933105e-01 4.728202223777770996e-01 -3.988097310066223145e-01
-2.532730698585510254e-01 5.142994597554206848e-02 -9.546380639076232910e-01
-9.274351596832275391e-01 -2.148523367941379547e-02 3.928317725658416748e-01
-4.559882581233978271e-01 -1.186206191778182983e-01 1.520725786685943604e-01
8.185402750968933105e-01 4.728202223777770996e-01 -3.988097310066223145e-01
2.689549922943115234e-01 -4.093461111187934875e-02 -1.971528083086013794e-01
8.185402750968933105e-01 4.728202223777770996e-01 -3.988097310066223145e-01
-2.408074885606765747e-01 -8.823616430163383484e-03 -9.519292712211608887e-01
-3.384793698787689209e-01 1.046608085744082928e-03 -1.430502980947494507e-01
-2.408074885606765747e-01 -8.823616430163383484e-03 -9.519292712211608887e-01
8.185402750968933105e-01 4.728202223777770996e-01 -3.988097310066223145e-01
7.411969900131225586e-01 -5.766565725207328796e-02 -3.543034493923187256e-01
8.185402750968933105e-01 4.728202223777770996e-01 -3.988097310066223145e-01
6.775059103965759277e-01 4.224930703639984131e-02 -5.335580110549926758e-01
-2.367585152387619019e-01 -6.215670704841613770e-02 -4.201849699020385742e-01
6.197586655616760254e-01 5.273840576410293579e-02 7.610012888908386230e-01
-7.631579637527465820e-01 -2.034302949905395508e-01 3.961272537708282471e-01
6.197586655616760254e-01 5.273840576410293579e-02 7.610012888908386230e-01
-8.364554494619369507e-02 -1.926510781049728394e-01 4.526962637901306152e-01
6.197586655616760254e-01 5.273840576410293579e-02 7.610012888908386230e-01
-2.532730698585510254e-01 5.142994597554206848e-02 -9.546380639076232910e-01
-7.337983250617980957e-01 -3.012992907315492630e-03 2.547672092914581299e-01
8.185402750968933105e-01 4.728202223777770996e-01 -3.988097310066223145e-01
6.045156121253967285e-01 8.855323493480682373e-02 -4.628033041954040527e-01
-7.631579637527465820e-01 -2.034302949905395508e-01 3.961272537708282471e-01
8.185402750968933105e-01 4.728202223777770996e-01 -3.988097310066223145e-01
-2.476124912500381470e-01 -7.003144710324704647e-04 -2.064200043678283691e-01
8.185402750968933105e-01 4.728202223777770996e-01 -3.988097310066223145e-01
-7.063274979591369629e-01 -1.646507829427719116e-01 4.637809693813323975e-01
8.185402750968933105e-01 4.728202223777770996e-01 -3.988097310066223145e-01
-5.083449482917785645e-01 -8.267416805028915405e-02 -1.941748708486557007e-01
-9.483547806739807129e-01 -6.505195051431655884e-02 4.335629642009735107e-01
-2.532730698585510254e-01 5.142994597554206848e-02 -9.546380639076232910e-01
1.031718775629997253e-01 -6.875731796026229858e-02 -6.135352700948715210e-02
-7.631579637527465820e-01 -2.034302949905395508e-01 3.961272537708282471e-01
-2.532730698585510254e-01 5.142994597554206848e-02 -9.546380639076232910e-01
-5.202750563621520996e-01 1.281091384589672089e-02 3.587707579135894775e-01
6.197586655616760254e-01 5.273840576410293579e-02 7.610012888908386230e-01
-5.961508750915527344e-01 1.326487809419631958e-01 4.046155512332916260e-01
-2.408074885606765747e-01 -8.823616430163383484e-03 -9.519292712211608887e-01
-2.408074885606765747e-01 -8.823616430163383484e-03 -9.519292712211608887e-01
-3.665094729512929916e-03 9.495478868484497070e-02 3.389890864491462708e-02
-2.408074885606765747e-01 -8.823616430163383484e-03 -9.519292712211608887e-01
6.197586655616760254e-01 5.273840576410293579e-02 7.610012888908386230e-01
-2.532730698585510254e-01 5.142994597554206848e-02 -9.546380639076232910e-01
8.185402750968933105e-01 4.728202223777770996e-01 -3.988097310066223145e-01
8.675720691680908203e-01 1.021350994706153870e-01 -2.249235846102237701e-02
-3.210117816925048828e-01 1.054179817438125610e-01 6.397942453622817993e-02
4.091168344020843506e-01 -3.980528190732002258e-02 6.342032551765441895e-01
-7.631579637527465820e-01 -2.034302949905395508e-01 3.961272537708282471e-01
6.197586655616760254e-01 5.273840576410293579e-02 7.610012888908386230e-01
-1.368127316236495972e-01 -1.893955469131469727e-01 -9.929653257131576538e-02
-1.618837714195251465e-01 7.131528109312057495e-02 -4.333851858973503113e-02
7.079303860664367676e-01 3.903956711292266846e-01 -3.093097507953643799e-01
5.057147145271301270e-01 1.804862357676029205e-02 7.561288475990295410e-01
-1.462977379560470581e-01 5.868601053953170776e-02 -8.622444868087768555e-01
-2.408074885606765747e-01 -8.823616430163383484e-03 -9.519292712211608887e-01
3.240688145160675049e-01 1.201286986470222473e-01 -1.870978623628616333e-01
5.652583763003349304e-02 -2.053739726543426514e-01 2.346602380275726318e-01
-8.364554494619369507e-02 -1.926510781049728394e-01 4.526962637901306152e-01
-1.745240390300750732e-02 -1.902252435684204102e-01 1.692545711994171143e-01
-3.225447237491607666e-02 -8.181718736886978149e-02 4.672601521015167236e-01
-7.631579637527465820e-01 -2.034302949905395508e-01 3.961272537708282471e-01
8.185402750968933105e-01 4.728202223777770996e-01 -3.988097310066223145e-01
7.079303860664367676e-01 3.903956711292266846e-01 -3.093097507953643799e-01
-7.063274979591369629e-01 -1.646507829427719116e-01 4.637809693813323975e-01
-2.865961790084838867e-01 8.913041651248931885e-02 -7.145937681198120117e-01
8.185402750968933105e-01 4.728202223777770996e-01 -3.988097310066223145e-01
-5.961508750915527344e-01 1.326487809419631958e-01 4.046155512332916260e-01
1.306551396846771240e-01 -3.869996964931488037e-02 5.532180666923522949e-01
5.057147145271301270e-01 1.804862357676029205e-02 7.561288475990295410e-01
-2.532730698585510254e-01 5.142994597554206848e-02 -9.546380639076232910e-01
8.185402750968933105e-01 4.728202223777770996e-01 -3.988097310066223145e-01
-5.287798643112182617e-01 -1.529379636049270630e-01 -1.937315911054611206e-01
8.185402750968933105e-01 4.728202223777770996e-01 -3.988097310066223145e-01
-7.631579637527465820e-01 -2.034302949905395508e-01 3.961272537708282471e-01
-6.102986261248588562e-02 -1.850012503564357758e-02 1.768906861543655396e-01
-1.462977379560470581e-01 5.868601053953170776e-02 -8.622444868087768555e-01
8.185402750968933105e-01 4.728202223777770996e-01 -3.988097310066223145e-01
6.197586655616760254e-01 5.273840576410293579e-02 7.610012888908386230e-01
-3.045422136783599854e-01 -1.336247026920318604e-01 2.580675780773162842e-01
4.942160472273826599e-02 3.174144029617309570e-02 4.396826326847076416e-01
4.980254545807838440e-02 -1.875324249267578125e-01 1.750864088535308838e-01
-2.532730698585510254e-01 5.142994597554206848e-02 -9.546380639076232910e-01
-7.631579637527465820e-01 -2.034302949905395508e-01 3.961272537708282471e-01
-2.598782479763031006e-01 1.032868623733520508e-01 8.443279564380645752e-02
8.185402750968933105e-01 4.728202223777770996e-01 -3.988097310066223145e-01
8.185402750968933105e-01 4.728202223777770996e-01 -3.988097310066223145e-01
8.185402750968933105e-01 4.728202223777770996e-01 -3.988097310066223145e-01
8.185402750968933105e-01 4.728202223777770996e-01 -3.988097310066223145e-01
7.556782960891723633e-01 3.249704092741012573e-02 -2.383441329002380371e-01
-2.532730698585510254e-01 5.142994597554206848e-02 -9.546380639076232910e-01
-5.287798643112182617e-01 -1.529379636049270630e-01 -1.937315911054611206e-01
8.185402750968933105e-01 4.728202223777770996e-01 -3.988097310066223145e-01
8.185402750968933105e-01 4.728202223777770996e-01 -3.988097310066223145e-01
8.185402750968933105e-01 4.728202223777770996e-01 -3.988097310066223145e-01
5.019732117652893066e-01 7.512146979570388794e-02 -6.954976916313171387e-01
7.647211551666259766e-01 2.835354208946228027e-01 -4.091514050960540771e-01
8.185402750968933105e-01 4.728202223777770996e-01 -3.988097310066223145e-01
-7.631579637527465820e-01 -2.034302949905395508e-01 3.961272537708282471e-01
-1.059884652495384216e-01 1.107466220855712891e-01 -3.741938620805740356e-02
-2.231707563623785973e-03 1.301673613488674164e-02 -1.486528515815734863e-01
-7.235977798700332642e-02 -1.264532655477523804e-01 3.460774719715118408e-01
6.197586655616760254e-01 5.273840576410293579e-02 7.610012888908386230e-01
6.197586655616760254e-01 5.273840576410293579e-02 7.610012888908386230e-01
-2.532730698585510254e-01 5.142994597554206848e-02 -9.546380639076232910e-01
8.185402750968933105e-01 4.728202223777770996e-01 -3.988097310066223145e-01
-5.287798643112182617e-01 -1.529379636049270630e-01 -1.937315911054611206e-01
5.057147145271301270e-01 1.804862357676029205e-02 7.561288475990295410e-01
6.197586655616760254e-01 5.273840576410293579e-02 7.610012888908386230e-01
-7.631579637527465820e-01 -2.034302949905395508e-01 3.961272537708282471e-01
-2.532730698585510254e-01 5.142994597554206848e-02 -9.546380639076232910e-01
5.019732117652893066e-01 7.512146979570388794e-02 -6.954976916313171387e-01
-2.532730698585510254e-01 5.142994597554206848e-02 -9.546380639076232910e-01
8.185402750968933105e-01 4.728202223777770996e-01 -3.988097310066223145e-01
-9.405494481325149536e-02 -5.576383695006370544e-02 -2.351675033569335938e-01
6.346290707588195801e-01 8.646476268768310547e-02 -5.525138974189758301e-01
-4.466620385646820068e-01 1.310013234615325928e-01 2.828734517097473145e-01
6.494866013526916504e-01 7.969460636377334595e-02 -6.449854969978332520e-01
6.197586655616760254e-01 5.273840576410293579e-02 7.610012888908386230e-01
8.185402750968933105e-01 4.728202223777770996e-01 -3.988097310066223145e-01
6.197586655616760254e-01 5.273840576410293579e-02 7.610012888908386230e-01
5.019732117652893066e-01 7.512146979570388794e-02 -6.954976916313171387e-01
8.185402750968933105e-01 4.728202223777770996e-01 -3.988097310066223145e-01
-7.230795025825500488e-01 1.344348788261413574e-01 3.120673298835754395e-01
8.185402750968933105e-01 4.728202223777770996e-01 -3.988097310066223145e-01
-5.287798643112182617e-01 -1.529379636049270630e-01 -1.937315911054611206e-01
-2.532730698585510254e-01 5.142994597554206848e-02 -9.546380639076232910e-01
8.324453830718994141e-01 4.405914843082427979e-01 -4.370774924755096436e-01
-5.287798643112182617e-01 -1.529379636049270630e-01 -1.937315911054611206e-01
8.185402750968933105e-01 4.728202223777770996e-01 -3.988097310066223145e-01
7.079303860664367676e-01 3.903956711292266846e-01 -3.093097507953643799e-01
8.185402750968933105e-01 4.728202223777770996e-01 -3.988097310066223145e-01
6.197586655616760254e-01 5.273840576410293579e-02 7.610012888908386230e-01
-1.618837714195251465e-01 7.131528109312057495e-02 -4.333851858973503113e-02
5.138260126113891602e-01 9.472307562828063965e-02 -6.941312551498413086e-01
6.197586655616760254e-01 5.273840576410293579e-02 7.610012888908386230e-01
8.185402750968933105e-01 4.728202223777770996e-01 -3.988097310066223145e-01
8.185402750968933105e-01 4.728202223777770996e-01 -3.988097310066223145e-01
8.185402750968933105e-01 4.728202223777770996e-01 -3.988097310066223145e-01
1.394186317920684814e-01 2.084833383560180664e-02 5.061619915068149567e-03
3.673820495605468750e-01 1.668760478496551514e-01 -1.195826381444931030e-01
-7.631579637527465820e-01 -2.034302949905395508e-01 3.961272537708282471e-01
-4.803532063961029053e-01 1.558920294046401978e-01 2.580756843090057373e-01
-7.356213927268981934e-01 6.955558061599731445e-02 4.584844410419464111e-01
6.197586655616760254e-01 5.273840576410293579e-02 7.610012888908386230e-01
-5.287798643112182617e-01 -1.529379636049270630e-01 -1.937315911054611206e-01
6.197586655616760254e-01 5.273840576410293579e-02 7.610012888908386230e-01
-5.287798643112182617e-01 -1.529379636049270630e-01 -1.937315911054611206e-01
-1.508406400680541992e-01 -1.656578034162521362e-01 4.719813466072082520e-01
8.185402750968933105e-01 4.728202223777770996e-01 -3.988097310066223145e-01
-2.532730698585510254e-01 5.142994597554206848e-02 -9.546380639076232910e-01
-2.532730698585510254e-01 5.142994597554206848e-02 -9.546380639076232910e-01
-6.363952159881591797e-01 1.627783626317977905e-01 3.593132793903350830e-01
-2.532730698585510254e-01 5.142994597554206848e-02 -9.546380639076232910e-01
7.513383030891418457e-01 4.750818610191345215e-01 -3.807260990142822266e-01
-2.408074885606765747e-01 -8.823616430163383484e-03 -9.519292712211608887e-01
8.185402750968933105e-01 4.728202223777770996e-01 -3.988097310066223145e-01
-7.063274979591369629e-01 -1.646507829427719116e-01 4.637809693813323975e-01
-7.063274979591369629e-01 -1.646507829427719116e-01 4.637809693813323975e-01
-7.631579637527465820e-01 -2.034302949905395508e-01 3.961272537708282471e-01
-2.532730698585510254e-01 5.142994597554206848e-02 -9.546380639076232910e-01
5.057147145271301270e-01 1.804862357676029205e-02 7.561288475990295410e-01
-2.408074885606765747e-01 -8.823616430163383484e-03 -9.519292712211608887e-01
-6.363952159881591797e-01 1.627783626317977905e-01 3.593132793903350830e-01
6.197586655616760254e-01 5.273840576410293579e-02 7.610012888908386230e-01
-2.775908708572387695e-01 -1.541813760995864868e-01 7.321679592132568359e-02
9.368757009506225586e-01 9.095995128154754639e-02 -1.060988679528236389e-01
-5.287798643112182617e-01 -1.529379636049270630e-01 -1.937315911054611206e-01
6.197586655616760254e-01 5.273840576410293579e-02 7.610012888908386230e-01
8.185402750968933105e-01 4.728202223777770996e-01 -3.988097310066223145e-01
8.185402750968933105e-01 4.728202223777770996e-01 -3.988097310066223145e-01
-7.631579637527465820e-01 -2.034302949905395508e-01 3.961272537708282471e-01
5.657680034637451172e-01 8.901519700884819031e-03 6.980761289596557617e-01
8.324453830718994141e-01 4.405914843082427979e-01 -4.370774924755096436e-01
3.973456025123596191e-01 -1.253396123647689819e-01 -1.738232672214508057e-01
-2.408074885606765747e-01 -8.823616430163383484e-03 -9.519292712211608887e-01
2.867507338523864746e-01 -5.403833836317062378e-02 4.753310978412628174e-01
-8.774627745151519775e-02 -1.611518561840057373e-01 -1.760164201259613037e-01
-8.196948170661926270e-01 -8.835362270474433899e-03 2.712094187736511230e-01
6.197586655616760254e-01 5.273840576410293579e-02 7.610012888908386230e-01
-1.572087854146957397e-01 5.034124478697776794e-02 -9.021880626678466797e-01
8.185402750968933105e-01 4.728202223777770996e-01 -3.988097310066223145e-01
7.411969900131225586e-01 -5.766565725207328796e-02 -3.543034493923187256e-01
-9.483547806739807129e-01 -6.505195051431655884e-02 4.335629642009735107e-01
-2.408074885606765747e-01 -8.823616430163383484e-03 -9.519292712211608887e-01
2.138798385858535767e-01 -5.415420606732368469e-02 4.045277237892150879e-01
-1.396591067314147949e-01 -1.092069000005722046e-01 5.305455327033996582e-01
-2.408074885606765747e-01 -8.823616430163383484e-03 -9.519292712211608887e-01
-2.408074885606765747e-01 -8.823616430163383484e-03 -9.519292712211608887e-01
8.185402750968933105e-01 4.728202223777770996e-01 -3.988097310066223145e-01
5.057147145271301270e-01 1.804862357676029205e-02 7.561288475990295410e-01
-3.356173038482666016e-01 1.052083149552345276e-01 9.097315371036529541e-02
7.840938568115234375e-01 3.290941119194030762e-01 -3.418991267681121826e-01
1.031718775629997253e-01 -6.875731796026229858e-02 -6.135352700948715210e-02
-7.063274979591369629e-01 -1.646507829427719116e-01 4.637809693813323975e-01
-1.886646449565887451e-01 7.814393192529678345e-02 5.674589052796363831e-02
-5.287798643112182617e-01 -1.529379636049270630e-01 -1.937315911054611206e-01
-1.205320283770561218e-01 9.003549814224243164e-03 -1.025520451366901398e-02
-7.631579637527465820e-01 -2.034302949905395508e-01 3.961272537708282471e-01
9.314643740653991699e-01 9.800843149423599243e-02 -7.671039551496505737e-02
8.185402750968933105e-01 4.728202223777770996e-01 -3.988097310066223145e-01
6.197586655616760254e-01 5.273840576410293579e-02 7.610012888908386230e-01
8.185402750968933105e-01 4.728202223777770996e-01 -3.988097310066223145e-01
-2.532730698585510254e-01 5.142994597554206848e-02 -9.546380639076232910e-01
-4.210950732231140137e-01 -1.773467659950256348e-01 -1.555119752883911133e-01
-1.745240390300750732e-02 -1.902252435684204102e-01 1.692545711994171143e-01
-7.631579637527465820e-01 -2.034302949905395508e-01 3.961272537708282471e-01
-1.396591067314147949e-01 -1.092069000005722046e-01 5.305455327033996582e-01
-7.631579637527465820e-01 -2.034302949905395508e-01 3.961272537708282471e-01
2.049262225627899170e-01 3.095867857336997986e-02 -1.831353008747100830e-01
5.027971863746643066e-01 9.390275180339813232e-02 -2.344815880060195923e-01
8.185402750968933105e-01 4.728202223777770996e-01 -3.988097310066223145e-01
8.874847292900085449e-01 9.619157761335372925e-02 -3.004921972751617432e-02
8.185402750968933105e-01 4.728202223777770996e-01 -3.988097310066223145e-01
-4.031125605106353760e-01 8.051428198814392090e-02 2.648919522762298584e-01
3.973456025123596191e-01 -1.253396123647689819e-01 -1.738232672214508057e-01
-2.532730698585510254e-01 5.142994597554206848e-02 -9.546380639076232910e-01
-1.396591067314147949e-01 -1.092069000005722046e-01 5.305455327033996582e-01
-8.040172457695007324e-01 -5.624612094834446907e-04 5.373500585556030273e-01
-2.408074885606765747e-01 -8.823616430163383484e-03 -9.519292712211608887e-01
8.185402750968933105e-01 4.728202223777770996e-01 -3.988097310066223145e-01
8.185402750968933105e-01 4.728202223777770996e-01 -3.988097310066223145e-01
5.657680034637451172e-01 8.901519700884819031e-03 6.980761289596557617e-01
-7.063274979591369629e-01 -1.646507829427719116e-01 4.637809693813323975e-01
-2.532730698585510254e-01 5.142994597554206848e-02 -9.546380639076232910e-01
-9.274351596832275391e-01 -2.148523367941379547e-02 3.928317725658416748e-01
-9.483547806739807129e-01 -6.505195051431655884e-02 4.335629642009735107e-01
-2.354899048805236816e-01 3.052931465208530426e-02 2.064391076564788818e-01
-5.183774828910827637e-01 -6.636711955070495605e-02 -2.029257118701934814e-01
6.197586655616760254e-01 5.273840576410293579e-02 7.610012888908386230e-01
-7.631579637527465820e-01 -2.034302949905395508e-01 3.961272537708282471e-01
-7.631579637527465820e-01 -2.034302949905395508e-01 3.961272537708282471e-01
-7.631579637527465820e-01 -2.034302949905395508e-01 3.961272537708282471e-01
-1.791785657405853271e-01 5.944279837422072887e-04 2.326772809028625488e-01
-7.631579637527465820e-01 -2.034302949905395508e-01 3.961272537708282471e-01
-2.532730698585510254e-01 5.142994597554206848e-02 -9.546380639076232910e-01
5.057147145271301270e-01 1.804862357676029205e-02 7.561288475990295410e-01
8.675720691680908203e-01 1.021350994706153870e-01 -2.249235846102237701e-02
2.711068689823150635e-01 -1.350931674242019653e-01 -9.971293807029724121e-02
6.197586655616760254e-01 5.273840576410293579e-02 7.610012888908386230e-01
6.197586655616760254e-01 5.273840576410293579e-02 7.610012888908386230e-01
-7.631579637527465820e-01 -2.034302949905395508e-01 3.961272537708282471e-01
-1.853089779615402222e-01 -1.863502860069274902e-01 -1.592873185873031616e-01
8.185402750968933105e-01 4.728202223777770996e-01 -3.988097310066223145e-01
6.197586655616760254e-01 5.273840576410293579e-02 7.610012888908386230e-01
8.185402750968933105e-01 4.728202223777770996e-01 -3.988097310066223145e-01
-8.180424571037292480e-02 -1.962900608777999878e-01 -1.506481468677520752e-01
-8.942291885614395142e-02 -1.672118306159973145e-01 -1.377781927585601807e-01
8.185402750968933105e-01 4.728202223777770996e-01 -3.988097310066223145e-01
6.197586655616760254e-01 5.273840576410293579e-02 7.610012888908386230e-01
-1.462977379560470581e-01 5.868601053953170776e-02 -8.622444868087768555e-01
-7.676090598106384277e-01 2.422602474689483643e-02 5.126351118087768555e-01
5.667325258255004883e-01 2.858259156346321106e-02 -6.607396602630615234e-01
6.197586655616760254e-01 5.273840576410293579e-02 7.610012888908386230e-01
8.185402750968933105e-01 4.728202223777770996e-01 -3.988097310066223145e-01
-2.408074885606765747e-01 -8.823616430163383484e-03 -9.519292712211608887e-01
-5.287798643112182617e-01 -1.529379636049270630e-01 -1.937315911054611206e-01
-2.408074885606765747e-01 -8.823616430163383484e-03 -9.519292712211608887e-01
6.242391467094421387e-01 -2.525177411735057831e-02 -3.609391450881958008e-01
8.324453830718994141e-01 4.405914843082427979e-01 -4.370774924755096436e-01
-6.363952159881591797e-01 1.627783626317977905e-01 3.593132793903350830e-01
6.197586655616760254e-01 5.273840576410293579e-02 7.610012888908386230e-01
-7.631579637527465820e-01 -2.034302949905395508e-01 3.961272537708282471e-01
8.185402750968933105e-01 4.728202223777770996e-01 -3.988097310066223145e-01
8.185402750968933105e-01 4.728202223777770996e-01 -3.988097310066223145e-01
-2.775908708572387695e-01 -1.541813760995864868e-01 7.321679592132568359e-02
8.185402750968933105e-01 4.728202223777770996e-01 -3.988097310066223145e-01
-4.210950732231140137e-01 -1.773467659950256348e-01 -1.555119752883911133e-01
8.185402750968933105e-01 4.728202223777770996e-01 -3.988097310066223145e-01
8.185402750968933105e-01 4.728202223777770996e-01 -3.988097310066223145e-01
-5.287798643112182617e-01 -1.529379636049270630e-01 -1.937315911054611206e-01
5.057147145271301270e-01 1.804862357676029205e-02 7.561288475990295410e-01
7.959386706352233887e-01 1.753354258835315704e-02 -3.734323978424072266e-01
-6.304385513067245483e-02 4.976087249815464020e-03 -5.854101106524467468e-02
-8.774627745151519775e-02 -1.611518561840057373e-01 -1.760164201259613037e-01
1.922305673360824585e-01 -9.122823178768157959e-02 -1.628063432872295380e-02
-7.631579637527465820e-01 -2.034302949905395508e-01 3.961272537708282471e-01
8.185402750968933105e-01 4.728202223777770996e-01 -3.988097310066223145e-01
-2.408074885606765747e-01 -8.823616430163383484e-03 -9.519292712211608887e-01
-2.408074885606765747e-01 -8.823616430163383484e-03 -9.519292712211608887e-01
7.839092612266540527e-01 5.867762863636016846e-02 -1.948502808809280396e-01
8.185402750968933105e-01 4.728202223777770996e-01 -3.988097310066223145e-01
-2.532730698585510254e-01 5.142994597554206848e-02 -9.546380639076232910e-01
8.185402750968933105e-01 4.728202223777770996e-01 -3.988097310066223145e-01
-7.631579637527465820e-01 -2.034302949905395508e-01 3.961272537708282471e-01
-2.408074885606765747e-01 -8.823616430163383484e-03 -9.519292712211608887e-01
-7.631579637527465820e-01 -2.034302949905395508e-01 3.961272537708282471e-01
7.803843617439270020e-01 4.025144875049591064e-01 -3.558711409568786621e-01
-2.532730698585510254e-01 5.142994597554206848e-02 -9.546380639076232910e-01
-7.631579637527465820e-01 -2.034302949905395508e-01 3.961272537708282471e-01
-2.532730698585510254e-01 5.142994597554206848e-02 -9.546380639076232910e-01
3.287545144557952881e-01 -1.196589916944503784e-01 -1.651726514101028442e-01
8.324453830718994141e-01 4.405914843082427979e-01 -4.370774924755096436e-01
-7.631579637527465820e-01 -2.034302949905395508e-01 3.961272537708282471e-01
-3.645129203796386719e-01 -4.236017912626266479e-02 -4.032566025853157043e-02
-2.532730698585510254e-01 5.142994597554206848e-02 -9.546380639076232910e-01
-5.259081125259399414e-01 -7.938959635794162750e-03 4.423382282257080078e-01
-2.408074885606765747e-01 -8.823616430163383484e-03 -9.519292712211608887e-01
-2.532730698585510254e-01 5.142994597554206848e-02 -9.546380639076232910e-01
-8.040172457695007324e-01 -5.624612094834446907e-04 5.373500585556030273e-01
-7.063274979591369629e-01 -1.646507829427719116e-01 4.637809693813323975e-01
-7.631579637527465820e-01 -2.034302949905395508e-01 3.961272537708282471e-01
6.197586655616760254e-01 5.273840576410293579e-02 7.610012888908386230e-01
-2.532730698585510254e-01 5.142994597554206848e-02 -9.546380639076232910e-01
8.185402750968933105e-01 4.728202223777770996e-01 -3.988097310066223145e-01
-2.532730698585510254e-01 5.142994597554206848e-02 -9.546380639076232910e-01
-1.368127316236495972e-01 -1.893955469131469727e-01 -9.929653257131576538e-02
-7.357742786407470703e-01 -1.602772772312164307e-01 4.221974909305572510e-01
-1.297751069068908691e-01 -1.654738932847976685e-01 -1.831931173801422119e-01
1.542521268129348755e-01 -1.354950368404388428e-01 -1.399839371442794800e-01
-2.532730698585510254e-01 5.142994597554206848e-02 -9.546380639076232910e-01
-1.145925652235746384e-02 -1.805216372013092041e-01 2.238089442253112793e-01
6.197586655616760254e-01 5.273840576410293579e-02 7.610012888908386230e-01
-3.072593510150909424e-01 1.126537695527076721e-01 2.018260061740875244e-01
-5.175477266311645508e-01 7.508912682533264160e-02 9.864149242639541626e-02
6.197586655616760254e-01 5.273840576410293579e-02 7.610012888908386230e-01
-2.532730698585510254e-01 5.142994597554206848e-02 -9.546380639076232910e-01
5.186155438423156738e-01 9.984671324491500854e-02 -6.336674094200134277e-01
-2.532730698585510254e-01 5.142994597554206848e-02 -9.546380639076232910e-01
-2.532730698585510254e-01 5.142994597554206848e-02 -9.546380639076232910e-01
-1.304892897605895996e-01 -5.746687948703765869e-02 -2.942716181278228760e-01
-2.532730698585510254e-01 5.142994597554206848e-02 -9.546380639076232910e-01
5.652583763003349304e-02 -2.053739726543426514e-01 2.346602380275726318e-01
6.197586655616760254e-01 5.273840576410293579e-02 7.610012888908386230e-01
-8.114453405141830444e-02 7.629601657390594482e-02 -1.560271158814430237e-02
8.185402750968933105e-01 4.728202223777770996e-01 -3.988097310066223145e-01
-1.765310913324356079e-01 -9.455517865717411041e-03 -7.246742397546768188e-02
6.197586655616760254e-01 5.273840576410293579e-02 7.610012888908386230e-01
8.185402750968933105e-01 4.728202223777770996e-01 -3.988097310066223145e-01
2.111005783081054688e-02 -1.088752448558807373e-01 1.097064092755317688e-01
8.185402750968933105e-01 4.728202223777770996e-01 -3.988097310066223145e-01
-7.063274979591369629e-01 -1.646507829427719116e-01 4.637809693813323975e-01
-6.023003458976745605e-01 6.070380285382270813e-02 4.332617521286010742e-01
-2.408074885606765747e-01 -8.823616430163383484e-03 -9.519292712211608887e-01
2.075488306581974030e-02 9.688530117273330688e-03 7.727634161710739136e-02
8.185402750968933105e-01 4.728202223777770996e-01 -3.988097310066223145e-01
-7.063274979591369629e-01 -1.646507829427719116e-01 4.637809693813323975e-01
-7.631579637527465820e-01 -2.034302949905395508e-01 3.961272537708282471e-01
8.675720691680908203e-01 1.021350994706153870e-01 -2.249235846102237701e-02
4.091168344020843506e-01 -3.980528190732002258e-02 6.342032551765441895e-01
-7.631579637527465820e-01 -2.034302949905395508e-01 3.961272537708282471e-01
-7.631579637527465820e-01 -2.034302949905395508e-01 3.961272537708282471e-01
-7.631579637527465820e-01 -2.034302949905395508e-01 3.961272537708282471e-01
-8.196948170661926270e-01 -8.835362270474433899e-03 2.712094187736511230e-01
6.197586655616760254e-01 5.273840576410293579e-02 7.610012888908386230e-01
-2.408074885606765747e-01 -8.823616430163383484e-03 -9.519292712211608887e-01
-6.941254734992980957e-01 -1.164150685071945190e-01 2.570373713970184326e-01
-2.532730698585510254e-01 5.142994597554206848e-02 -9.546380639076232910e-01
1.390271484851837158e-01 -5.961456149816513062e-02 2.303595244884490967e-01
-2.532730698585510254e-01 5.142994597554206848e-02 -9.546380639076232910e-01
3.347681462764739990e-01 -1.018633097410202026e-01 -1.066190674901008606e-01
6.197586655616760254e-01 5.273840576410293579e-02 7.610012888908386230e-01
-1.396591067314147949e-01 -1.092069000005722046e-01 5.305455327033996582e-01
6.197586655616760254e-01 5.273840576410293579e-02 7.610012888908386230e-01
-2.532730698585510254e-01 5.142994597554206848e-02 -9.546380639076232910e-01
-2.408074885606765747e-01 -8.823616430163383484e-03 -9.519292712211608887e-01
-2.408074885606765747e-01 -8.823616430163383484e-03 -9.519292712211608887e-01
-9.483547806739807129e-01 -6.505195051431655884e-02 4.335629642009735107e-01
9.314643740653991699e-01 9.800843149423599243e-02 -7.671039551496505737e-02
-2.408074885606765747e-01 -8.823616430163383484e-03 -9.519292712211608887e-01
8.185402750968933105e-01 4.728202223777770996e-01 -3.988097310066223145e-01
-1.059884652495384216e-01 1.107466220855712891e-01 -3.741938620805740356e-02
6.197586655616760254e-01 5.273840576410293579e-02 7.610012888908386230e-01
-7.631579637527465820e-01 -2.034302949905395508e-01 3.961272537708282471e-01
6.197586655616760254e-01 5.273840576410293579e-02 7.610012888908386230e-01
8.185402750968933105e-01 4.728202223777770996e-01 -3.988097310066223145e-01
9.088822454214096069e-02 -1.736424118280410767e-01 1.885529309511184692e-01
6.197586655616760254e-01 5.273840576410293579e-02 7.610012888908386230e-01
-7.631579637527465820e-01 -2.034302949905395508e-01 3.961272537708282471e-01
-2.408074885606765747e-01 -8.823616430163383484e-03 -9.519292712211608887e-01
6.512131094932556152e-01 4.612024873495101929e-02 6.929209232330322266e-01
6.182797551155090332e-01 5.975700914859771729e-02 -7.142683267593383789e-01
7.513383030891418457e-01 4.750818610191345215e-01 -3.807260990142822266e-01
-5.183774828910827637e-01 -6.636711955070495605e-02 -2.029257118701934814e-01
2.229483872652053833e-01 9.913461655378341675e-02 -2.346207648515701294e-01
-6.300520300865173340e-01 1.466364264488220215e-01 2.715147435665130615e-01
-8.364554494619369507e-02 -1.926510781049728394e-01 4.526962637901306152e-01
-2.408074885606765747e-01 -8.823616430163383484e-03 -9.519292712211608887e-01
8.185402750968933105e-01 4.728202223777770996e-01 -3.988097310066223145e-01
8.185402750968933105e-01 4.728202223777770996e-01 -3.988097310066223145e-01
5.652583763003349304e-02 -2.053739726543426514e-01 2.346602380275726318e-01
-5.287798643112182617e-01 -1.529379636049270630e-01 -1.937315911054611206e-01
6.197586655616760254e-01 5.273840576410293579e-02 7.610012888908386230e-01
-1.462977379560470581e-01 5.868601053953170776e-02 -8.622444868087768555e-01
8.749073743820190430e-02 7.424677908420562744e-02 -1.724038273096084595e-01
6.197586655616760254e-01 5.273840576410293579e-02 7.610012888908386230e-01
-5.287798643112182617e-01 -1.529379636049270630e-01 -1.937315911054611206e-01
-5.149502158164978027e-01 5.054570734500885010e-02 1.303109377622604370e-01
4.091168344020843506e-01 -3.980528190732002258e-02 6.342032551765441895e-01
-7.631579637527465820e-01 -2.034302949905395508e-01 3.961272537708282471e-01
-3.017557561397552490e-01 -4.387074708938598633e-02 -2.014580219984054565e-01
6.197586655616760254e-01 5.273840576410293579e-02 7.610012888908386230e-01
8.185402750968933105e-01 4.728202223777770996e-01 -3.988097310066223145e-01
-7.631579637527465820e-01 -2.034302949905395508e-01 3.961272537708282471e-01
6.197586655616760254e-01 5.273840576410293579e-02 7.610012888908386230e-01
2.711068689823150635e-01 -1.350931674242019653e-01 -9.971293807029724121e-02
-7.631579637527465820e-01 -2.034302949905395508e-01 3.961272537708282471e-01
6.512131094932556152e-01 4.612024873495101929e-02 6.929209232330322266e-01
-7.631579637527465820e-01 -2.034302949905395508e-01 3.961272537708282471e-01
6.197586655616760254e-01 5.273840576410293579e-02 7.610012888908386230e-01
2.749716341495513916e-01 7.734666764736175537e-02 -9.304183768108487129e-04
-2.408074885606765747e-01 -8.823616430163383484e-03 -9.519292712211608887e-01
-2.408074885606765747e-01 -8.823616430163383484e-03 -9.519292712211608887e-01
6.197586655616760254e-01 5.273840576410293579e-02 7.610012888908386230e-01
6.854206323623657227e-01 3.829132393002510071e-02 -5.562511682510375977e-01
-7.631579637527465820e-01 -2.034302949905395508e-01 3.961272537708282471e-01
-2.408074885606765747e-01 -8.823616430163383484e-03 -9.519292712211608887e-01
-8.364554494619369507e-02 -1.926510781049728394e-01 4.526962637901306152e-01
8.185402750968933105e-01 4.728202223777770996e-01 -3.988097310066223145e-01
-4.466620385646820068e-01 1.310013234615325928e-01 2.828734517097473145e-01
-7.631579637527465820e-01 -2.034302949905395508e-01 3.961272537708282471e-01
5.057147145271301270e-01 1.804862357676029205e-02 7.561288475990295410e-01
8.185402750968933105e-01 4.728202223777770996e-01 -3.988097310066223145e-01
5.275115370750427246e-01 8.617134392261505127e-02 7.071675062179565430e-01
-7.631579637527465820e-01 -2.034302949905395508e-01 3.961272537708282471e-01
-1.158737093210220337e-01 1.643849164247512817e-02 -4.102975726127624512e-01
-7.631579637527465820e-01 -2.034302949905395508e-01 3.961272537708282471e-01
1.306551396846771240e-01 -3.869996964931488037e-02 5.532180666923522949e-01
-7.631579637527465820e-01 -2.034302949905395508e-01 3.961272537708282471e-01
-2.408074885606765747e-01 -8.823616430163383484e-03 -9.519292712211608887e-01
6.197586655616760254e-01 5.273840576410293579e-02 7.610012888908386230e-01
-7.631579637527465820e-01 -2.034302949905395508e-01 3.961272537708282471e-01
7.031056880950927734e-01 1.315398886799812317e-02 -2.108593732118606567e-01
-7.631579637527465820e-01 -2.034302949905395508e-01 3.961272537708282471e-01
3.755418360233306885e-01 1.031544059514999390e-01 -1.715497225522994995e-01
-2.532730698585510254e-01 5.142994597554206848e-02 -9.546380639076232910e-01
8.185402750968933105e-01 4.728202223777770996e-01 -3.988097310066223145e-01
-2.408074885606765747e-01 -8.823616430163383484e-03 -9.519292712211608887e-01
-7.631579637527465820e-01 -2.034302949905395508e-01 3.961272537708282471e-01
6.197586655616760254e-01 5.273840576410293579e-02 7.610012888908386230e-01
8.185402750968933105e-01 4.728202223777770996e-01 -3.988097310066223145e-01
6.197586655616760254e-01 5.273840576410293579e-02 7.610012888908386230e-01
6.197586655616760254e-01 5.273840576410293579e-02 7.610012888908386230e-01
-7.631579637527465820e-01 -2.034302949905395508e-01 3.961272537708282471e-01
-1.599895805120468140e-01 -7.719938457012176514e-02 3.218297362327575684e-01
4.400842487812042236e-01 -7.285577803850173950e-02 -1.230791285634040833e-01
-8.872069120407104492e-01 -1.755720749497413635e-02 4.758751988410949707e-01
-2.532730698585510254e-01 5.142994597554206848e-02 -9.546380639076232910e-01
-2.532730698585510254e-01 5.142994597554206848e-02 -9.546380639076232910e-01
-1.299402266740798950e-01 -2.073758654296398163e-02 5.135616064071655273e-01
-7.631579637527465820e-01 -2.034302949905395508e-01 3.961272537708282471e-01
-2.408074885606765747e-01 -8.823616430163383484e-03 -9.519292712211608887e-01
-6.257682442665100098e-01 1.001456305384635925e-01 4.038397073745727539e-01
-6.363952159881591797e-01 1.627783626317977905e-01 3.593132793903350830e-01
-2.532730698585510254e-01 5.142994597554206848e-02 -9.546380639076232910e-01
-2.408074885606765747e-01 -8.823616430163383484e-03 -9.519292712211608887e-01
-7.631579637527465820e-01 -2.034302949905395508e-01 3.961272537708282471e-01
-2.408074885606765747e-01 -8.823616430163383484e-03 -9.519292712211608887e-01
-7.631579637527465820e-01 -2.034302949905395508e-01 3.961272537708282471e-01
-5.083449482917785645e-01 -8.267416805028915405e-02 -1.941748708486557007e-01
6.197586655616760254e-01 5.273840576410293579e-02 7.610012888908386230e-01
-2.532730698585510254e-01 5.142994597554206848e-02 -9.546380639076232910e-01
-3.045422136783599854e-01 -1.336247026920318604e-01 2.580675780773162842e-01
8.185402750968933105e-01 4.728202223777770996e-01 -3.988097310066223145e-01
-7.631579637527465820e-01 -2.034302949905395508e-01 3.961272537708282471e-01
-6.353657841682434082e-01 -9.453878551721572876e-02 2.216347903013229370e-01
-7.724696397781372070e-01 -5.979427322745323181e-02 4.830066859722137451e-01
2.148827910423278809e-01 -2.019171603024005890e-02 -2.170200347900390625e-01
-2.532730698585510254e-01 5.142994597554206848e-02 -9.546380639076232910e-01
-8.364554494619369507e-02 -1.926510781049728394e-01 4.526962637901306152e-01
-4.013998210430145264e-01 -1.343994885683059692e-01 1.852695792913436890e-01
1.164179667830467224e-01 8.823282085359096527e-03 5.292633771896362305e-01
-2.532730698585510254e-01 5.142994597554206848e-02 -9.546380639076232910e-01
8.185402750968933105e-01 4.728202223777770996e-01 -3.988097310066223145e-01
-1.572087854146957397e-01 5.034124478697776794e-02 -9.021880626678466797e-01
5.275115370750427246e-01 8.617134392261505127e-02 7.071675062179565430e-01
5.057147145271301270e-01 1.804862357676029205e-02 7.561288475990295410e-01
8.324453830718994141e-01 4.405914843082427979e-01 -4.370774924755096436e-01
-2.408074885606765747e-01 -8.823616430163383484e-03 -9.519292712211608887e-01
6.197586655616760254e-01 5.273840576410293579e-02 7.610012888908386230e-01
3.036642968654632568e-01 -8.097694814205169678e-02 -3.632102161645889282e-02
2.965420782566070557e-01 -9.464392811059951782e-02 -1.978972852230072021e-01
8.185402750968933105e-01 4.728202223777770996e-01 -3.988097310066223145e-01
-2.532730698585510254e-01 5.142994597554206848e-02 -9.546380639076232910e-01
-2.408074885606765747e-01 -8.823616430163383484e-03 -9.519292712211608887e-01
-1.872263252735137939e-01 1.169963702559471130e-01 5.519887432456016541e-02
-2.744447290897369385e-01 -4.669144749641418457e-02 2.602739930152893066e-01
5.019732117652893066e-01 7.512146979570388794e-02 -6.954976916313171387e-01
-4.210950732231140137e-01 -1.773467659950256348e-01 -1.555119752883911133e-01
8.185402750968933105e-01 4.728202223777770996e-01 -3.988097310066223145e-01
-6.363952159881591797e-01 1.627783626317977905e-01 3.593132793903350830e-01
-1.462954282760620117e-02 -1.481798738241195679e-01 4.169735312461853027e-01
-2.408074885606765747e-01 -8.823616430163383484e-03 -9.519292712211608887e-01
5.057147145271301270e-01 1.804862357676029205e-02 7.561288475990295410e-01
-2.532730698585510254e-01 5.142994597554206848e-02 -9.546380639076232910e-01
6.197586655616760254e-01 5.273840576410293579e-02 7.610012888908386230e-01
-7.631579637527465820e-01 -2.034302949905395508e-01 3.961272537708282471e-01
5.700105428695678711e-02 -7.520060986280441284e-02 2.531118690967559814e-01
6.197586655616760254e-01 5.273840576410293579e-02 7.610012888908386230e-01
8.185402750968933105e-01 4.728202223777770996e-01 -3.988097310066223145e-01
-7.631579637527465820e-01 -2.034302949905395508e-01 3.961272537708282471e-01
5.608628392219543457e-01 -3.056601062417030334e-02 -1.599171161651611328e-01
7.840938568115234375e-01 3.290941119194030762e-01 -3.418991267681121826e-01
-2.532730698585510254e-01 5.142994597554206848e-02 -9.546380639076232910e-01
-1.795989125967025757e-01 -4.473613202571868896e-02 -3.674942851066589355e-01
6.197586655616760254e-01 5.273840576410293579e-02 7.610012888908386230e-01
-8.364554494619369507e-02 -1.926510781049728394e-01 4.526962637901306152e-01
8.749180287122726440e-02 7.184568792581558228e-02 1.183509901165962219e-01
6.197586655616760254e-01 5.273840576410293579e-02 7.610012888908386230e-01
-7.631579637527465820e-01 -2.034302949905395508e-01 3.961272537708282471e-01
6.197586655616760254e-01 5.273840576410293579e-02 7.610012888908386230e-01
6.197586655616760254e-01 5.273840576410293579e-02 7.610012888908386230e-01
5.275115370750427246e-01 8.617134392261505127e-02 7.071675062179565430e-01
6.197586655616760254e-01 5.273840576410293579e-02 7.610012888908386230e-01
-2.408074885606765747e-01 -8.823616430163383484e-03 -9.519292712211608887e-01
5.615185499191284180e-01 8.439427614212036133e-02 -4.915824532508850098e-01
-8.077649772167205811e-02 -3.942641988396644592e-02 -3.260526359081268311e-01
9.314643740653991699e-01 9.800843149423599243e-02 -7.671039551496505737e-02
-7.063274979591369629e-01 -1.646507829427719116e-01 4.637809693813323975e-01
6.197586655616760254e-01 5.273840576410293579e-02 7.610012888908386230e-01
-7.063274979591369629e-01 -1.646507829427719116e-01 4.637809693813323975e-01
-9.483547806739807129e-01 -6.505195051431655884e-02 4.335629642009735107e-01
-2.408074885606765747e-01 -8.823616430163383484e-03 -9.519292712211608887e-01
8.185402750968933105e-01 4.728202223777770996e-01 -3.988097310066223145e-01
8.185402750968933105e-01 4.728202223777770996e-01 -3.988097310066223145e-01
-5.287798643112182617e-01 -1.529379636049270630e-01 -1.937315911054611206e-01
6.197586655616760254e-01 5.273840576410293579e-02 7.610012888908386230e-01
-3.384793698787689209e-01 1.046608085744082928e-03 -1.430502980947494507e-01
5.057147145271301270e-01 1.804862357676029205e-02 7.561288475990295410e-01
-7.335322350263595581e-02 -4.868151620030403137e-02 4.238539040088653564e-01
-1.718929857015609741e-01 -3.194268792867660522e-03 4.603507816791534424e-01
-2.079128921031951904e-01 -1.077677607536315918e-01 9.235666692256927490e-02
5.652583763003349304e-02 -2.053739726543426514e-01 2.346602380275726318e-01
-2.532730698585510254e-01 5.142994597554206848e-02 -9.546380639076232910e-01
-7.631579637527465820e-01 -2.034302949905395508e-01 3.961272537708282471e-01
-7.631579637527465820e-01 -2.034302949905395508e-01 3.961272537708282471e-01
8.931732177734375000e-02 -9.736098349094390869e-02 -1.299570351839065552e-01
