3.177908062934875488e-01 -8.847066164016723633e-01 -1.172811016440391541e-01
2.513338327407836914e-01 -9.075666069984436035e-01 -1.591349691152572632e-01
2.909448742866516113e-01 -8.413721323013305664e-01 -1.878076791763305664e-01
2.067310512065887451e-01 -9.277229309082031250e-01 1.190225780010223389e-01
1.159077659249305725e-01 -9.537898898124694824e-01 -1.573750078678131104e-01
-1.080188676714897156e-01 -1.178919523954391479e-01 -1.496203243732452393e-01
1.947747170925140381e-01 -8.611575365066528320e-01 2.941834330558776855e-01
-3.054323792457580566e-01 2.715431153774261475e-01 -7.790231704711914062e-01
2.714422158896923065e-02 2.393503785133361816e-01 -6.696127653121948242e-01
2.067310512065887451e-01 -9.277229309082031250e-01 1.190225780010223389e-01
-3.052701950073242188e-01 3.983611762523651123e-01 -6.669704318046569824e-01
2.067310512065887451e-01 -9.277229309082031250e-01 1.190225780010223389e-01
-1.296674013137817383e-01 -9.114570021629333496e-01 -2.853535711765289307e-01
-3.054323792457580566e-01 2.715431153774261475e-01 -7.790231704711914062e-01
-3.054323792457580566e-01 2.715431153774261475e-01 -7.790231704711914062e-01
1.327976435422897339e-01 7.965464591979980469e-01 2.390366047620773315e-01
2.513338327407836914e-01 -9.075666069984436035e-01 -1.591349691152572632e-01
-2.675243020057678223e-01 -8.493071198463439941e-01 1.825208663940429688e-01
3.336330652236938477e-01 3.646666705608367920e-01 6.913995146751403809e-01
3.837199807167053223e-01 2.654847204685211182e-01 7.635084390640258789e-01
1.947747170925140381e-01 -8.611575365066528320e-01 2.941834330558776855e-01
3.177908062934875488e-01 -8.847066164016723633e-01 -1.172811016440391541e-01
-1.296674013137817383e-01 -9.114570021629333496e-01 -2.853535711765289307e-01
5.181946158409118652e-01 2.959023714065551758e-01 4.136405587196350098e-01
8.196821212768554688e-01 2.547674775123596191e-01 -3.687878549098968506e-01
-1.296674013137817383e-01 -9.114570021629333496e-01 -2.853535711765289307e-01
6.036851406097412109e-01 2.365053892135620117e-01 1.789005994796752930e-01
-1.296674013137817383e-01 -9.114570021629333496e-01 -2.853535711765289307e-01
-5.283715724945068359e-01 5.166578888893127441e-01 1.575684100389480591e-01
-1.668338328599929810e-01 6.031488180160522461e-01 -4.797878563404083252e-01
-1.480114609003067017e-01 -8.897882699966430664e-01 -2.874469757080078125e-01
-4.331090450286865234e-01 3.520137667655944824e-01 -3.155679404735565186e-01
-4.145157709717750549e-02 -9.692045301198959351e-02 -1.995809972286224365e-01
1.890942081809043884e-02 1.018159866333007812e+00 4.389096051454544067e-02
8.196821212768554688e-01 2.547674775123596191e-01 -3.687878549098968506e-01
3.837199807167053223e-01 2.654847204685211182e-01 7.635084390640258789e-01
2.513338327407836914e-01 -9.075666069984436035e-01 -1.591349691152572632e-01
-4.270775914192199707e-01 5.738054513931274414e-01 2.261873930692672729e-01
3.267202759161591530e-03 -8.504118919372558594e-01 -3.059746921062469482e-01
1.433257609605789185e-01 -7.908578962087631226e-03 -1.108428090810775757e-02
2.987558543682098389e-01 -8.802583217620849609e-01 7.260912656784057617e-02
3.459817469120025635e-01 2.925291657447814941e-01 7.812494039535522461e-01
3.177908062934875488e-01 -8.847066164016723633e-01 -1.172811016440391541e-01
1.947747170925140381e-01 -8.611575365066528320e-01 2.941834330558776855e-01
1.159077659249305725e-01 -9.537898898124694824e-01 -1.573750078678131104e-01
-1.446915566921234131e-01 -3.524591326713562012e-01 6.668265908956527710e-02
-4.700566828250885010e-01 2.995327711105346680e-01 -4.876565635204315186e-01
2.909448742866516113e-01 -8.413721323013305664e-01 -1.878076791763305664e-01
1.159077659249305725e-01 -9.537898898124694824e-01 -1.573750078678131104e-01
1.890942081809043884e-02 1.018159866333007812e+00 4.389096051454544067e-02
3.267202759161591530e-03 -8.504118919372558594e-01 -3.059746921062469482e-01
3.018369078636169434e-01 -8.674671053886413574e-01 -1.680465973913669586e-02
-3.052701950073242188e-01 3.983611762523651123e-01 -6.669704318046569824e-01
-4.939524829387664795e-01 2.617494165897369385e-01 -5.094140172004699707e-01
3.177908062934875488e-01 -8.847066164016723633e-01 -1.172811016440391541e-01
-3.054323792457580566e-01 2.715431153774261475e-01 -7.790231704711914062e-01
2.538717165589332581e-02 -8.444533944129943848e-01 3.157071769237518311e-01
1.159077659249305725e-01 -9.537898898124694824e-01 -1.573750078678131104e-01
4.059047400951385498e-01 2.422942221164703369e-01 -5.128202438354492188e-01
-1.797748059034347534e-01 -2.290442585945129395e-01 6.583608686923980713e-02
3.459817469120025635e-01 2.925291657447814941e-01 7.812494039535522461e-01
-4.115619696676731110e-03 5.678162723779678345e-02 5.547070875763893127e-03
1.159077659249305725e-01 -9.537898898124694824e-01 -1.573750078678131104e-01
-1.830302774906158447e-01 -9.134381413459777832e-01 1.157026886940002441e-01
-1.071507707238197327e-01 3.971775472164154053e-01 4.708670079708099365e-01
3.837199807167053223e-01 2.654847204685211182e-01 7.635084390640258789e-01
-2.963911592960357666e-01 2.628771662712097168e-01 -7.687026858329772949e-01
3.351348266005516052e-02 -1.023202538490295410e-01 1.529984176158905029e-01
-1.296674013137817383e-01 -9.114570021629333496e-01 -2.853535711765289307e-01
-2.313535362482070923e-01 3.970287442207336426e-01 -6.938170790672302246e-01
3.459817469120025635e-01 2.925291657447814941e-01 7.812494039535522461e-01
-7.263655662536621094e-01 2.316837012767791748e-01 1.903541386127471924e-01
8.196821212768554688e-01 2.547674775123596191e-01 -3.687878549098968506e-01
2.909448742866516113e-01 -8.413721323013305664e-01 -1.878076791763305664e-01
2.871104180812835693e-01 -8.858262300491333008e-01 -2.149687893688678741e-02
-7.252005934715270996e-01 3.661082684993743896e-01 3.310562968254089355e-01
3.459817469120025635e-01 2.925291657447814941e-01 7.812494039535522461e-01
2.987558543682098389e-01 -8.802583217620849609e-01 7.260912656784057617e-02
-2.653923630714416504e-01 2.792452573776245117e-01 5.249023437500000000e-01
3.177908062934875488e-01 -8.847066164016723633e-01 -1.172811016440391541e-01
1.159077659249305725e-01 -9.537898898124694824e-01 -1.573750078678131104e-01
-7.252005934715270996e-01 3.661082684993743896e-01 3.310562968254089355e-01
2.513338327407836914e-01 -9.075666069984436035e-01 -1.591349691152572632e-01
-5.264309644699096680e-01 2.649937868118286133e-01 -3.940774202346801758e-01
3.386471420526504517e-02 9.603603482246398926e-01 -1.020065844058990479e-01
-1.765094399452209473e-01 -9.045670926570892334e-02 2.176154032349586487e-02
-3.054323792457580566e-01 2.715431153774261475e-01 -7.790231704711914062e-01
-3.054323792457580566e-01 2.715431153774261475e-01 -7.790231704711914062e-01
1.159077659249305725e-01 -9.537898898124694824e-01 -1.573750078678131104e-01
-1.296674013137817383e-01 -9.114570021629333496e-01 -2.853535711765289307e-01
3.177908062934875488e-01 -8.847066164016723633e-01 -1.172811016440391541e-01
-5.857422575354576111e-02 8.138726353645324707e-01 -2.313149869441986084e-01
-7.252005934715270996e-01 3.661082684993743896e-01 3.310562968254089355e-01
-3.408503159880638123e-02 5.619175732135772705e-02 1.753241121768951416e-01
3.386471420526504517e-02 9.603603482246398926e-01 -1.020065844058990479e-01
3.837199807167053223e-01 2.654847204685211182e-01 7.635084390640258789e-01
-1.296674013137817383e-01 -9.114570021629333496e-01 -2.853535711765289307e-01
2.513338327407836914e-01 -9.075666069984436035e-01 -1.591349691152572632e-01
2.987558543682098389e-01 -8.802583217620849609e-01 7.260912656784057617e-02
-1.095285341143608093e-01 -8.409889936447143555e-01 -3.307256996631622314e-01
-1.477406919002532959e-01 -8.702867627143859863e-01 -1.201888993382453918e-01
8.196821212768554688e-01 2.547674775123596191e-01 -3.687878549098968506e-01
7.264772653579711914e-01 2.177488654851913452e-01 -1.213088110089302063e-01
3.177908062934875488e-01 -8.847066164016723633e-01 -1.172811016440391541e-01
5.944696068763732910e-01 2.780043780803680420e-01 -4.276387095451354980e-01
1.159077659249305725e-01 -9.537898898124694824e-01 -1.573750078678131104e-01
-1.095285341143608093e-01 -8.409889936447143555e-01 -3.307256996631622314e-01
4.949919581413269043e-01 3.775819540023803711e-01 -4.121531844139099121e-01
-6.097701564431190491e-02 2.887860536575317383e-01 6.491835117340087891e-01
-3.100958764553070068e-01 -8.514235019683837891e-01 1.015973165631294250e-01
1.091521084308624268e-01 -7.361295819282531738e-02 -6.712873280048370361e-02
3.459817469120025635e-01 2.925291657447814941e-01 7.812494039535522461e-01
2.389928512275218964e-02 8.572877645492553711e-01 -1.524789780378341675e-01
3.267202759161591530e-03 -8.504118919372558594e-01 -3.059746921062469482e-01
-1.736339628696441650e-01 -1.476514488458633423e-01 7.543374598026275635e-02
-7.252005934715270996e-01 3.661082684993743896e-01 3.310562968254089355e-01
2.911319434642791748e-01 4.904639124870300293e-01 5.416387319564819336e-01
1.890942081809043884e-02 1.018159866333007812e+00 4.389096051454544067e-02
2.909448742866516113e-01 -8.413721323013305664e-01 -1.878076791763305664e-01
-2.313535362482070923e-01 3.970287442207336426e-01 -6.938170790672302246e-01
-1.094449311494827271e-02 1.023486852645874023e+00 1.170489005744457245e-02
3.459817469120025635e-01 2.925291657447814941e-01 7.812494039535522461e-01
2.513338327407836914e-01 -9.075666069984436035e-01 -1.591349691152572632e-01
-2.653923630714416504e-01 2.792452573776245117e-01 5.249023437500000000e-01
-3.054323792457580566e-01 2.715431153774261475e-01 -7.790231704711914062e-01
6.614900194108486176e-03 3.711752593517303467e-02 -1.233352571725845337e-01
-1.830302774906158447e-01 -9.134381413459777832e-01 1.157026886940002441e-01
-2.313535362482070923e-01 3.970287442207336426e-01 -6.938170790672302246e-01
-3.027891740202903748e-02 1.022575736045837402e+00 -1.785681210458278656e-02
-1.296674013137817383e-01 -9.114570021629333496e-01 -2.853535711765289307e-01
-1.723660230636596680e-01 -8.823482394218444824e-01 -2.553867697715759277e-01
2.987558543682098389e-01 -8.802583217620849609e-01 7.260912656784057617e-02
1.890942081809043884e-02 1.018159866333007812e+00 4.389096051454544067e-02
-2.519305348396301270e-01 -9.007589221000671387e-01 -2.402373403310775757e-02
-1.521501243114471436e-01 6.937812566757202148e-01 -3.620082139968872070e-01
1.947747170925140381e-01 -8.611575365066528320e-01 2.941834330558776855e-01
2.538717165589332581e-02 -8.444533944129943848e-01 3.157071769237518311e-01
3.837199807167053223e-01 2.654847204685211182e-01 7.635084390640258789e-01
2.538717165589332581e-02 -8.444533944129943848e-01 3.157071769237518311e-01
-2.005100548267364502e-01 -3.446482717990875244e-01 3.102377429604530334e-02
-3.054323792457580566e-01 2.715431153774261475e-01 -7.790231704711914062e-01
-7.263655662536621094e-01 2.316837012767791748e-01 1.903541386127471924e-01
1.890942081809043884e-02 1.018159866333007812e+00 4.389096051454544067e-02
-1.095285341143608093e-01 -8.409889936447143555e-01 -3.307256996631622314e-01
1.672512888908386230e-01 1.615536957979202271e-01 -9.937233291566371918e-03
-3.054323792457580566e-01 2.715431153774261475e-01 -7.790231704711914062e-01
3.177908062934875488e-01 -8.847066164016723633e-01 -1.172811016440391541e-01
8.196821212768554688e-01 2.547674775123596191e-01 -3.687878549098968506e-01
3.080272674560546875e-01 7.464230060577392578e-01 -1.340641528367996216e-01
-2.333673238754272461e-01 -9.048615694046020508e-01 -2.464352175593376160e-02
-3.054323792457580566e-01 2.715431153774261475e-01 -7.790231704711914062e-01
-1.296674013137817383e-01 -9.114570021629333496e-01 -2.853535711765289307e-01
2.067310512065887451e-01 -9.277229309082031250e-01 1.190225780010223389e-01
2.458194643259048462e-01 3.053291141986846924e-01 -5.631170868873596191e-01
-7.252005934715270996e-01 3.661082684993743896e-01 3.310562968254089355e-01
3.459817469120025635e-01 2.925291657447814941e-01 7.812494039535522461e-01
-3.054323792457580566e-01 2.715431153774261475e-01 -7.790231704711914062e-01
-5.052974820137023926e-02 2.700358629226684570e-01 6.695876717567443848e-01
-1.095285341143608093e-01 -8.409889936447143555e-01 -3.307256996631622314e-01
3.978039324283599854e-01 4.461924433708190918e-01 3.467461764812469482e-01
1.890942081809043884e-02 1.018159866333007812e+00 4.389096051454544067e-02
-1.046991571784019470e-01 -2.325678169727325439e-01 -1.628940850496292114e-01
-3.770214319229125977e-02 -9.021932482719421387e-01 3.353792428970336914e-02
-1.296674013137817383e-01 -9.114570021629333496e-01 -2.853535711765289307e-01
-6.406506150960922241e-02 -9.099434614181518555e-01 2.347141355276107788e-01
1.909003853797912598e-01 1.012581586837768555e-01 -6.697306036949157715e-02
3.837199807167053223e-01 2.654847204685211182e-01 7.635084390640258789e-01
8.196821212768554688e-01 2.547674775123596191e-01 -3.687878549098968506e-01
1.695890575647354126e-01 4.046610295772552490e-01 6.504319310188293457e-01
-3.054323792457580566e-01 2.715431153774261475e-01 -7.790231704711914062e-01
3.837199807167053223e-01 2.654847204685211182e-01 7.635084390640258789e-01
3.459817469120025635e-01 2.925291657447814941e-01 7.812494039535522461e-01
-1.783921867609024048e-01 4.756270349025726318e-01 -5.759711861610412598e-01
-5.891157686710357666e-02 1.010465025901794434e+00 -1.226843986660242081e-02
-7.252005934715270996e-01 3.661082684993743896e-01 3.310562968254089355e-01
1.159077659249305725e-01 -9.537898898124694824e-01 -1.573750078678131104e-01
-1.470429748296737671e-01 -2.061579674482345581e-01 6.282718479633331299e-02
-5.324424058198928833e-02 1.015649557113647461e+00 3.407853422686457634e-03
-5.891157686710357666e-02 1.010465025901794434e+00 -1.226843986660242081e-02
-6.476984620094299316e-01 2.470307499170303345e-01 8.594061434268951416e-02
-3.054323792457580566e-01 2.715431153774261475e-01 -7.790231704711914062e-01
3.837199807167053223e-01 2.654847204685211182e-01 7.635084390640258789e-01
-1.095285341143608093e-01 -8.409889936447143555e-01 -3.307256996631622314e-01
3.177908062934875488e-01 -8.847066164016723633e-01 -1.172811016440391541e-01
8.196821212768554688e-01 2.547674775123596191e-01 -3.687878549098968506e-01
-1.531553864479064941e-01 -7.566966116428375244e-02 1.022253930568695068e-01
2.067310512065887451e-01 -9.277229309082031250e-01 1.190225780010223389e-01
6.509793549776077271e-02 -2.370078861713409424e-01 2.389837652444839478e-01
-4.025462567806243896e-01 2.796523272991180420e-01 -6.457861661911010742e-01
-2.365974485874176025e-01 -8.759786486625671387e-01 1.531805545091629028e-01
1.890942081809043884e-02 1.018159866333007812e+00 4.389096051454544067e-02
-3.054323792457580566e-01 2.715431153774261475e-01 -7.790231704711914062e-01
2.458194643259048462e-01 3.053291141986846924e-01 -5.631170868873596191e-01
-3.152807950973510742e-01 2.834978401660919189e-01 4.686626791954040527e-01
3.267202759161591530e-03 -8.504118919372558594e-01 -3.059746921062469482e-01
3.459817469120025635e-01 2.925291657447814941e-01 7.812494039535522461e-01
7.189059257507324219e-02 -6.724712997674942017e-02 1.527056992053985596e-01
3.459817469120025635e-01 2.925291657447814941e-01 7.812494039535522461e-01
1.890942081809043884e-02 1.018159866333007812e+00 4.389096051454544067e-02
3.459817469120025635e-01 2.925291657447814941e-01 7.812494039535522461e-01
2.513338327407836914e-01 -9.075666069984436035e-01 -1.591349691152572632e-01
3.288368284702301025e-01 6.563675403594970703e-01 -4.762924090027809143e-02
-1.339205056428909302e-01 3.063166737556457520e-01 6.041150689125061035e-01
8.196821212768554688e-01 2.547674775123596191e-01 -3.687878549098968506e-01
1.159077659249305725e-01 -9.537898898124694824e-01 -1.573750078678131104e-01
-5.949359536170959473e-01 4.673212170600891113e-01 2.869530022144317627e-01
3.177908062934875488e-01 -8.847066164016723633e-01 -1.172811016440391541e-01
-1.296674013137817383e-01 -9.114570021629333496e-01 -2.853535711765289307e-01
-2.539012432098388672e-01 -8.752833604812622070e-01 -5.265293642878532410e-02
1.159077659249305725e-01 -9.537898898124694824e-01 -1.573750078678131104e-01
2.513338327407836914e-01 -9.075666069984436035e-01 -1.591349691152572632e-01
1.698051095008850098e-01 2.924363613128662109e-01 7.087685465812683105e-01
1.062344014644622803e-01 -3.551137149333953857e-01 1.785252690315246582e-01
-1.296674013137817383e-01 -9.114570021629333496e-01 -2.853535711765289307e-01
7.230147123336791992e-01 2.392257601022720337e-01 -2.288294434547424316e-01
2.538717165589332581e-02 -8.444533944129943848e-01 3.157071769237518311e-01
1.159077659249305725e-01 -9.537898898124694824e-01 -1.573750078678131104e-01
3.459817469120025635e-01 2.925291657447814941e-01 7.812494039535522461e-01
8.196821212768554688e-01 2.547674775123596191e-01 -3.687878549098968506e-01
3.177908062934875488e-01 -8.847066164016723633e-01 -1.172811016440391541e-01
2.067310512065887451e-01 -9.277229309082031250e-01 1.190225780010223389e-01
1.947747170925140381e-01 -8.611575365066528320e-01 2.941834330558776855e-01
-1.296674013137817383e-01 -9.114570021629333496e-01 -2.853535711765289307e-01
3.837199807167053223e-01 2.654847204685211182e-01 7.635084390640258789e-01
-1.480114609003067017e-01 -8.897882699966430664e-01 -2.874469757080078125e-01
-4.493824541568756104e-01 3.221695125102996826e-01 4.258099198341369629e-01
2.538717165589332581e-02 -8.444533944129943848e-01 3.157071769237518311e-01
1.091521084308624268e-01 -7.361295819282531738e-02 -6.712873280048370361e-02
8.196821212768554688e-01 2.547674775123596191e-01 -3.687878549098968506e-01
3.267202759161591530e-03 -8.504118919372558594e-01 -3.059746921062469482e-01
-3.052701950073242188e-01 3.983611762523651123e-01 -6.669704318046569824e-01
-5.836872383952140808e-02 3.453230112791061401e-02 -1.421840339899063110e-01
-5.949359536170959473e-01 4.673212170600891113e-01 2.869530022144317627e-01
-3.457413017749786377e-01 5.612073540687561035e-01 3.219685554504394531e-01
-1.619656234979629517e-01 -8.729189634323120117e-01 -2.002957761287689209e-01
1.947747170925140381e-01 -8.611575365066528320e-01 2.941834330558776855e-01
1.890942081809043884e-02 1.018159866333007812e+00 4.389096051454544067e-02
-3.054323792457580566e-01 2.715431153774261475e-01 -7.790231704711914062e-01
-3.054323792457580566e-01 2.715431153774261475e-01 -7.790231704711914062e-01
1.599790304899215698e-01 -1.829549372196197510e-01 -1.104893386363983154e-01
5.181946158409118652e-01 2.959023714065551758e-01 4.136405587196350098e-01
-3.054323792457580566e-01 2.715431153774261475e-01 -7.790231704711914062e-01
3.837199807167053223e-01 2.654847204685211182e-01 7.635084390640258789e-01
2.631900310516357422e-01 4.486545026302337646e-01 -4.485572576522827148e-01
2.067310512065887451e-01 -9.277229309082031250e-01 1.190225780010223389e-01
3.177908062934875488e-01 -8.847066164016723633e-01 -1.172811016440391541e-01
-2.991267144680023193e-01 7.838584184646606445e-01 1.235721409320831299e-01
7.424609661102294922e-01 2.396402657032012939e-01 -3.888190388679504395e-01
3.544994294643402100e-01 6.425247788429260254e-01 -2.424141764640808105e-01
8.196821212768554688e-01 2.547674775123596191e-01 -3.687878549098968506e-01
1.947747170925140381e-01 -8.611575365066528320e-01 2.941834330558776855e-01
-1.184981390833854675e-01 -9.752039797604084015e-03 -1.345381140708923340e-01
-1.668338328599929810e-01 6.031488180160522461e-01 -4.797878563404083252e-01
-7.252005934715270996e-01 3.661082684993743896e-01 3.310562968254089355e-01
2.987558543682098389e-01 -8.802583217620849609e-01 7.260912656784057617e-02
-5.283715724945068359e-01 5.166578888893127441e-01 1.575684100389480591e-01
1.159077659249305725e-01 -9.537898898124694824e-01 -1.573750078678131104e-01
-1.296674013137817383e-01 -9.114570021629333496e-01 -2.853535711765289307e-01
3.459817469120025635e-01 2.925291657447814941e-01 7.812494039535522461e-01
1.231086626648902893e-01 7.557643204927444458e-02 -6.598773598670959473e-02
-2.303248643875122070e-01 -4.350325167179107666e-01 1.078504994511604309e-01
-3.052701950073242188e-01 3.983611762523651123e-01 -6.669704318046569824e-01
6.010685861110687256e-02 -2.446020990610122681e-01 1.871394664049148560e-01
-3.054323792457580566e-01 2.715431153774261475e-01 -7.790231704711914062e-01
5.381961166858673096e-02 -9.176231622695922852e-01 1.147243529558181763e-01
-7.279951870441436768e-02 8.101468682289123535e-01 1.601104736328125000e-01
-2.991267144680023193e-01 7.838584184646606445e-01 1.235721409320831299e-01
-3.054323792457580566e-01 2.715431153774261475e-01 -7.790231704711914062e-01
3.459817469120025635e-01 2.925291657447814941e-01 7.812494039535522461e-01
1.947747170925140381e-01 -8.611575365066528320e-01 2.941834330558776855e-01
3.459817469120025635e-01 2.925291657447814941e-01 7.812494039535522461e-01
-1.296674013137817383e-01 -9.114570021629333496e-01 -2.853535711765289307e-01
1.880810409784317017e-01 -2.157507091760635376e-01 -1.201621294021606445e-01
-1.668338328599929810e-01 6.031488180160522461e-01 -4.797878563404083252e-01
8.196821212768554688e-01 2.547674775123596191e-01 -3.687878549098968506e-01
-2.313535362482070923e-01 3.970287442207336426e-01 -6.938170790672302246e-01
3.894352018833160400e-01 3.466852903366088867e-01 4.957087934017181396e-01
-1.296674013137817383e-01 -9.114570021629333496e-01 -2.853535711765289307e-01
-3.054323792457580566e-01 2.715431153774261475e-01 -7.790231704711914062e-01
3.459817469120025635e-01 2.925291657447814941e-01 7.812494039535522461e-01
1.369477808475494385e-01 3.287414088845252991e-02 -1.498546153306961060e-01
6.112896278500556946e-02 6.247220933437347412e-02 -1.408707257360219955e-02
3.837199807167053223e-01 2.654847204685211182e-01 7.635084390640258789e-01
1.159077659249305725e-01 -9.537898898124694824e-01 -1.573750078678131104e-01
2.513338327407836914e-01 -9.075666069984436035e-01 -1.591349691152572632e-01
1.947747170925140381e-01 -8.611575365066528320e-01 2.941834330558776855e-01
-1.296674013137817383e-01 -9.114570021629333496e-01 -2.853535711765289307e-01
-6.406506150960922241e-02 -9.099434614181518555e-01 2.347141355276107788e-01
1.695890575647354126e-01 4.046610295772552490e-01 6.504319310188293457e-01
2.631900310516357422e-01 4.486545026302337646e-01 -4.485572576522827148e-01
5.446288585662841797e-01 4.504806399345397949e-01 -9.828566759824752808e-02
1.890942081809043884e-02 1.018159866333007812e+00 4.389096051454544067e-02
8.589694648981094360e-02 5.333819985389709473e-02 -8.891160786151885986e-02
-1.296674013137817383e-01 -9.114570021629333496e-01 -2.853535711765289307e-01
1.890942081809043884e-02 1.018159866333007812e+00 4.389096051454544067e-02
-2.313535362482070923e-01 3.970287442207336426e-01 -6.938170790672302246e-01
3.459817469120025635e-01 2.925291657447814941e-01 7.812494039535522461e-01
-1.095285341143608093e-01 -8.409889936447143555e-01 -3.307256996631622314e-01
-4.025462567806243896e-01 2.796523272991180420e-01 -6.457861661911010742e-01
-2.519305348396301270e-01 -9.007589221000671387e-01 -2.402373403310775757e-02
3.459817469120025635e-01 2.925291657447814941e-01 7.812494039535522461e-01
5.959307551383972168e-01 2.643379569053649902e-01 2.072533220052719116e-01
-6.406506150960922241e-02 -9.099434614181518555e-01 2.347141355276107788e-01
3.173816502094268799e-01 7.149755954742431641e-01 -1.346951276063919067e-01
9.054995328187942505e-02 -1.613842844963073730e-01 -5.188057944178581238e-02
2.513338327407836914e-01 -9.075666069984436035e-01 -1.591349691152572632e-01
3.459817469120025635e-01 2.925291657447814941e-01 7.812494039535522461e-01
-1.899025291204452515e-01 1.319141983985900879e-01 7.504969835281372070e-02
2.538717165589332581e-02 -8.444533944129943848e-01 3.157071769237518311e-01
-3.054323792457580566e-01 2.715431153774261475e-01 -7.790231704711914062e-01
2.987558543682098389e-01 -8.802583217620849609e-01 7.260912656784057617e-02
-5.891157686710357666e-02 1.010465025901794434e+00 -1.226843986660242081e-02
-5.052974820137023926e-02 2.700358629226684570e-01 6.695876717567443848e-01
-1.296674013137817383e-01 -9.114570021629333496e-01 -2.853535711765289307e-01
1.947747170925140381e-01 -8.611575365066528320e-01 2.941834330558776855e-01
-3.054323792457580566e-01 2.715431153774261475e-01 -7.790231704711914062e-01
6.509793549776077271e-02 -2.370078861713409424e-01 2.389837652444839478e-01
-6.476984620094299316e-01 2.470307499170303345e-01 8.594061434268951416e-02
-3.070428073406219482e-01 3.209412097930908203e-01 -7.465976476669311523e-01
-2.653923630714416504e-01 2.792452573776245117e-01 5.249023437500000000e-01
-3.027891740202903748e-02 1.022575736045837402e+00 -1.785681210458278656e-02
3.177908062934875488e-01 -8.847066164016723633e-01 -1.172811016440391541e-01
2.067310512065887451e-01 -9.277229309082031250e-01 1.190225780010223389e-01
3.459817469120025635e-01 2.925291657447814941e-01 7.812494039535522461e-01
-3.651993349194526672e-02 -2.850714623928070068e-01 -2.242481708526611328e-01
1.695890575647354126e-01 4.046610295772552490e-01 6.504319310188293457e-01
3.459817469120025635e-01 2.925291657447814941e-01 7.812494039535522461e-01
3.459817469120025635e-01 2.925291657447814941e-01 7.812494039535522461e-01
6.241004168987274170e-02 4.787091016769409180e-01 -4.791271686553955078e-01
3.386471420526504517e-02 9.603603482246398926e-01 -1.020065844058990479e-01
3.177908062934875488e-01 -8.847066164016723633e-01 -1.172811016440391541e-01
3.459817469120025635e-01 2.925291657447814941e-01 7.812494039535522461e-01
2.513338327407836914e-01 -9.075666069984436035e-01 -1.591349691152572632e-01
8.196821212768554688e-01 2.547674775123596191e-01 -3.687878549098968506e-01
4.059047400951385498e-01 2.422942221164703369e-01 -5.128202438354492188e-01
-3.054323792457580566e-01 2.715431153774261475e-01 -7.790231704711914062e-01
-1.765094399452209473e-01 -9.045670926570892334e-02 2.176154032349586487e-02
-3.052701950073242188e-01 3.983611762523651123e-01 -6.669704318046569824e-01
-1.095285341143608093e-01 -8.409889936447143555e-01 -3.307256996631622314e-01
2.513338327407836914e-01 -9.075666069984436035e-01 -1.591349691152572632e-01
1.159077659249305725e-01 -9.537898898124694824e-01 -1.573750078678131104e-01
1.159077659249305725e-01 -9.537898898124694824e-01 -1.573750078678131104e-01
1.947747170925140381e-01 -8.611575365066528320e-01 2.941834330558776855e-01
1.947747170925140381e-01 -8.611575365066528320e-01 2.941834330558776855e-01
3.837199807167053223e-01 2.654847204685211182e-01 7.635084390640258789e-01
-1.619656234979629517e-01 -8.729189634323120117e-01 -2.002957761287689209e-01
-6.202210187911987305e-01 2.548387050628662109e-01 -1.617254316806793213e-01
3.837199807167053223e-01 2.654847204685211182e-01 7.635084390640258789e-01
-1.296674013137817383e-01 -9.114570021629333496e-01 -2.853535711765289307e-01
-1.296674013137817383e-01 -9.114570021629333496e-01 -2.853535711765289307e-01
-1.095285341143608093e-01 -8.409889936447143555e-01 -3.307256996631622314e-01
-1.095285341143608093e-01 -8.409889936447143555e-01 -3.307256996631622314e-01
2.631900310516357422e-01 4.486545026302337646e-01 -4.485572576522827148e-01
-1.572375148534774780e-01 -1.623451709747314453e-01 1.257813870906829834e-01
1.890942081809043884e-02 1.018159866333007812e+00 4.389096051454544067e-02
3.837199807167053223e-01 2.654847204685211182e-01 7.635084390640258789e-01
-3.054323792457580566e-01 2.715431153774261475e-01 -7.790231704711914062e-01
-4.025462567806243896e-01 2.796523272991180420e-01 -6.457861661911010742e-01
2.923974022269248962e-02 -1.893713772296905518e-01 1.924991160631179810e-01
-6.202210187911987305e-01 2.548387050628662109e-01 -1.617254316806793213e-01
3.459817469120025635e-01 2.925291657447814941e-01 7.812494039535522461e-01
-3.408503159880638123e-02 5.619175732135772705e-02 1.753241121768951416e-01
-3.457413017749786377e-01 5.612073540687561035e-01 3.219685554504394531e-01
-5.324424058198928833e-02 1.015649557113647461e+00 3.407853422686457634e-03
-3.054323792457580566e-01 2.715431153774261475e-01 -7.790231704711914062e-01
-3.052701950073242188e-01 3.983611762523651123e-01 -6.669704318046569824e-01
1.890942081809043884e-02 1.018159866333007812e+00 4.389096051454544067e-02
-2.313535362482070923e-01 3.970287442207336426e-01 -6.938170790672302246e-01
1.159077659249305725e-01 -9.537898898124694824e-01 -1.573750078678131104e-01
-4.145157709717750549e-02 -9.692045301198959351e-02 -1.995809972286224365e-01
-3.100958764553070068e-01 -8.514235019683837891e-01 1.015973165631294250e-01
3.834292888641357422e-01 6.448836922645568848e-01 -1.562499552965164185e-01
-6.288956403732299805e-01 3.971773386001586914e-01 1.873295158147811890e-01
-3.054323792457580566e-01 2.715431153774261475e-01 -7.790231704711914062e-01
-9.925954043865203857e-02 8.193846940994262695e-01 -2.083740532398223877e-01
3.459817469120025635e-01 2.925291657447814941e-01 7.812494039535522461e-01
-5.052974820137023926e-02 2.700358629226684570e-01 6.695876717567443848e-01
-1.296674013137817383e-01 -9.114570021629333496e-01 -2.853535711765289307e-01
3.177908062934875488e-01 -8.847066164016723633e-01 -1.172811016440391541e-01
-2.817073166370391846e-01 4.552947580814361572e-01 4.283416569232940674e-01
-3.054323792457580566e-01 2.715431153774261475e-01 -7.790231704711914062e-01
4.059047400951385498e-01 2.422942221164703369e-01 -5.128202438354492188e-01
2.538717165589332581e-02 -8.444533944129943848e-01 3.157071769237518311e-01
-7.252005934715270996e-01 3.661082684993743896e-01 3.310562968254089355e-01
-3.941379487514495850e-02 1.014405250549316406e+00 2.275045402348041534e-02
-1.296674013137817383e-01 -9.114570021629333496e-01 -2.853535711765289307e-01
2.016161084175109863e-01 5.041737556457519531e-01 5.491593480110168457e-01
1.159077659249305725e-01 -9.537898898124694824e-01 -1.573750078678131104e-01
9.261347353458404541e-02 9.825332462787628174e-02 2.273256629705429077e-01
3.267202759161591530e-03 -8.504118919372558594e-01 -3.059746921062469482e-01
-9.565742313861846924e-02 6.861749887466430664e-01 -3.721190690994262695e-01
3.386471420526504517e-02 9.603603482246398926e-01 -1.020065844058990479e-01
8.134371638298034668e-01 2.746085226535797119e-01 -3.661752343177795410e-01
6.873171925544738770e-01 3.724209070205688477e-01 -3.368245959281921387e-01
3.459817469120025635e-01 2.925291657447814941e-01 7.812494039535522461e-01
-1.296674013137817383e-01 -9.114570021629333496e-01 -2.853535711765289307e-01
-1.296674013137817383e-01 -9.114570021629333496e-01 -2.853535711765289307e-01
3.166496455669403076e-01 -8.188828229904174805e-01 -1.360137611627578735e-01
6.304053962230682373e-02 -4.758962988853454590e-01 2.146406471729278564e-01
3.459817469120025635e-01 2.925291657447814941e-01 7.812494039535522461e-01
-3.100958764553070068e-01 -8.514235019683837891e-01 1.015973165631294250e-01
-6.406506150960922241e-02 -9.099434614181518555e-01 2.347141355276107788e-01
-3.054323792457580566e-01 2.715431153774261475e-01 -7.790231704711914062e-01
-2.313535362482070923e-01 3.970287442207336426e-01 -6.938170790672302246e-01
2.513338327407836914e-01 -9.075666069984436035e-01 -1.591349691152572632e-01
-1.296674013137817383e-01 -9.114570021629333496e-01 -2.853535711765289307e-01
4.042452666908502579e-03 9.985635280609130859e-01 -6.355888396501541138e-02
4.060259461402893066e-01 2.426286935806274414e-01 6.683725118637084961e-01
-5.906134247779846191e-01 3.105139136314392090e-01 4.095039367675781250e-01
-2.675243020057678223e-01 -8.493071198463439941e-01 1.825208663940429688e-01
-3.054323792457580566e-01 2.715431153774261475e-01 -7.790231704711914062e-01
1.890942081809043884e-02 1.018159866333007812e+00 4.389096051454544067e-02
8.196821212768554688e-01 2.547674775123596191e-01 -3.687878549098968506e-01
4.099764525890350342e-01 4.239339232444763184e-01 2.358933836221694946e-01
-1.296674013137817383e-01 -9.114570021629333496e-01 -2.853535711765289307e-01
6.036851406097412109e-01 2.365053892135620117e-01 1.789005994796752930e-01
1.303077489137649536e-01 -8.980423808097839355e-01 2.439810633659362793e-01
1.159077659249305725e-01 -9.537898898124694824e-01 -1.573750078678131104e-01
-1.296674013137817383e-01 -9.114570021629333496e-01 -2.853535711765289307e-01
3.459817469120025635e-01 2.925291657447814941e-01 7.812494039535522461e-01
1.159077659249305725e-01 -9.537898898124694824e-01 -1.573750078678131104e-01
2.524196803569793701e-01 -9.102272391319274902e-01 -8.078001439571380615e-02
-5.052974820137023926e-02 2.700358629226684570e-01 6.695876717567443848e-01
-3.027891740202903748e-02 1.022575736045837402e+00 -1.785681210458278656e-02
1.890942081809043884e-02 1.018159866333007812e+00 4.389096051454544067e-02
6.304053962230682373e-02 -4.758962988853454590e-01 2.146406471729278564e-01
3.267202759161591530e-03 -8.504118919372558594e-01 -3.059746921062469482e-01
3.837199807167053223e-01 2.654847204685211182e-01 7.635084390640258789e-01
-1.830302774906158447e-01 -9.134381413459777832e-01 1.157026886940002441e-01
-5.052974820137023926e-02 2.700358629226684570e-01 6.695876717567443848e-01
7.424609661102294922e-01 2.396402657032012939e-01 -3.888190388679504395e-01
2.190449386835098267e-01 -9.124100804328918457e-01 -1.518786549568176270e-01
-1.296674013137817383e-01 -9.114570021629333496e-01 -2.853535711765289307e-01
3.837199807167053223e-01 2.654847204685211182e-01 7.635084390640258789e-01
3.459817469120025635e-01 2.925291657447814941e-01 7.812494039535522461e-01
-3.054323792457580566e-01 2.715431153774261475e-01 -7.790231704711914062e-01
3.837199807167053223e-01 2.654847204685211182e-01 7.635084390640258789e-01
-3.054323792457580566e-01 2.715431153774261475e-01 -7.790231704711914062e-01
2.538717165589332581e-02 -8.444533944129943848e-01 3.157071769237518311e-01
-1.095285341143608093e-01 -8.409889936447143555e-01 -3.307256996631622314e-01
-1.723660230636596680e-01 -8.823482394218444824e-01 -2.553867697715759277e-01
-1.296674013137817383e-01 -9.114570021629333496e-01 -2.853535711765289307e-01
3.459817469120025635e-01 2.925291657447814941e-01 7.812494039535522461e-01
2.909448742866516113e-01 -8.413721323013305664e-01 -1.878076791763305664e-01
1.947747170925140381e-01 -8.611575365066528320e-01 2.941834330558776855e-01
3.837199807167053223e-01 2.654847204685211182e-01 7.635084390640258789e-01
1.947747170925140381e-01 -8.611575365066528320e-01 2.941834330558776855e-01
2.158413082361221313e-01 -2.971121072769165039e-01 -9.658867865800857544e-02
-3.054323792457580566e-01 2.715431153774261475e-01 -7.790231704711914062e-01
5.227718353271484375e-01 2.390362471342086792e-01 3.582694828510284424e-01
8.752734959125518799e-02 -5.953504517674446106e-02 1.541683673858642578e-01
1.728544533252716064e-01 6.213225126266479492e-01 4.370563030242919922e-01
3.177908062934875488e-01 -8.847066164016723633e-01 -1.172811016440391541e-01
-2.873646020889282227e-01 6.204369068145751953e-01 2.463125437498092651e-01
-3.588939905166625977e-01 3.762722909450531006e-01 4.364105463027954102e-01
1.761919558048248291e-01 -1.414629071950912476e-01 -8.420548588037490845e-02
-5.324424058198928833e-02 1.015649557113647461e+00 3.407853422686457634e-03
8.196821212768554688e-01 2.547674775123596191e-01 -3.687878549098968506e-01
-2.991267144680023193e-01 7.838584184646606445e-01 1.235721409320831299e-01
3.080272674560546875e-01 7.464230060577392578e-01 -1.340641528367996216e-01
9.151636064052581787e-02 8.429113030433654785e-01 1.622617840766906738e-01
3.459817469120025635e-01 2.925291657447814941e-01 7.812494039535522461e-01
6.509793549776077271e-02 -2.370078861713409424e-01 2.389837652444839478e-01
1.788105368614196777e-01 -2.141003608703613281e-01 -1.040982529520988464e-01
-7.263655662536621094e-01 2.316837012767791748e-01 1.903541386127471924e-01
-6.097701564431190491e-02 2.887860536575317383e-01 6.491835117340087891e-01
-1.296674013137817383e-01 -9.114570021629333496e-01 -2.853535711765289307e-01
2.046205252408981323e-01 8.400116115808486938e-02 -8.981069922447204590e-02
-3.054323792457580566e-01 2.715431153774261475e-01 -7.790231704711914062e-01
6.509793549776077271e-02 -2.370078861713409424e-01 2.389837652444839478e-01
-1.830302774906158447e-01 -9.134381413459777832e-01 1.157026886940002441e-01
1.890942081809043884e-02 1.018159866333007812e+00 4.389096051454544067e-02
-2.963911592960357666e-01 2.628771662712097168e-01 -7.687026858329772949e-01
3.459817469120025635e-01 2.925291657447814941e-01 7.812494039535522461e-01
1.231086626648902893e-01 7.557643204927444458e-02 -6.598773598670959473e-02
3.837199807167053223e-01 2.654847204685211182e-01 7.635084390640258789e-01
3.336330652236938477e-01 3.646666705608367920e-01 6.913995146751403809e-01
1.695890575647354126e-01 4.046610295772552490e-01 6.504319310188293457e-01
1.947747170925140381e-01 -8.611575365066528320e-01 2.941834330558776855e-01
-6.476984620094299316e-01 2.470307499170303345e-01 8.594061434268951416e-02
2.513338327407836914e-01 -9.075666069984436035e-01 -1.591349691152572632e-01
-3.491409122943878174e-01 5.644210577011108398e-01 -2.172043472528457642e-01
1.159077659249305725e-01 -9.537898898124694824e-01 -1.573750078678131104e-01
-1.296674013137817383e-01 -9.114570021629333496e-01 -2.853535711765289307e-01
4.406442865729331970e-02 2.918348610401153564e-01 2.476714178919792175e-02
-3.054323792457580566e-01 2.715431153774261475e-01 -7.790231704711914062e-01
-6.406506150960922241e-02 -9.099434614181518555e-01 2.347141355276107788e-01
2.016161084175109863e-01 5.041737556457519531e-01 5.491593480110168457e-01
3.741400241851806641e-01 6.233618259429931641e-01 5.033919587731361389e-02
-1.095285341143608093e-01 -8.409889936447143555e-01 -3.307256996631622314e-01
-5.052974820137023926e-02 2.700358629226684570e-01 6.695876717567443848e-01
-1.095285341143608093e-01 -8.409889936447143555e-01 -3.307256996631622314e-01
-1.296674013137817383e-01 -9.114570021629333496e-01 -2.853535711765289307e-01
-1.296674013137817383e-01 -9.114570021629333496e-01 -2.853535711765289307e-01
3.459817469120025635e-01 2.925291657447814941e-01 7.812494039535522461e-01
-7.252005934715270996e-01 3.661082684993743896e-01 3.310562968254089355e-01
-1.095285341143608093e-01 -8.409889936447143555e-01 -3.307256996631622314e-01
-3.054323792457580566e-01 2.715431153774261475e-01 -7.790231704711914062e-01
3.459817469120025635e-01 2.925291657447814941e-01 7.812494039535522461e-01
-1.765094399452209473e-01 -9.045670926570892334e-02 2.176154032349586487e-02
2.067310512065887451e-01 -9.277229309082031250e-01 1.190225780010223389e-01
1.787565052509307861e-01 -1.753901392221450806e-01 -1.242892146110534668e-01
-1.296674013137817383e-01 -9.114570021629333496e-01 -2.853535711765289307e-01
-1.095285341143608093e-01 -8.409889936447143555e-01 -3.307256996631622314e-01
-7.252005934715270996e-01 3.661082684993743896e-01 3.310562968254089355e-01
-2.313535362482070923e-01 3.970287442207336426e-01 -6.938170790672302246e-01
3.459817469120025635e-01 2.925291657447814941e-01 7.812494039535522461e-01
3.837199807167053223e-01 2.654847204685211182e-01 7.635084390640258789e-01
1.202905774116516113e-01 3.840142488479614258e-01 -5.502006411552429199e-01
2.067310512065887451e-01 -9.277229309082031250e-01 1.190225780010223389e-01
1.890942081809043884e-02 1.018159866333007812e+00 4.389096051454544067e-02
1.159077659249305725e-01 -9.537898898124694824e-01 -1.573750078678131104e-01
-2.963911592960357666e-01 2.628771662712097168e-01 -7.687026858329772949e-01
-7.263655662536621094e-01 2.316837012767791748e-01 1.903541386127471924e-01
3.177908062934875488e-01 -8.847066164016723633e-01 -1.172811016440391541e-01
3.459817469120025635e-01 2.925291657447814941e-01 7.812494039535522461e-01
-1.296674013137817383e-01 -9.114570021629333496e-01 -2.853535711765289307e-01
-4.866623878479003906e-02 4.332783222198486328e-01 -3.367624431848526001e-02
-1.296674013137817383e-01 -9.114570021629333496e-01 -2.853535711765289307e-01
-1.296674013137817383e-01 -9.114570021629333496e-01 -2.853535711765289307e-01
1.890942081809043884e-02 1.018159866333007812e+00 4.389096051454544067e-02
-1.296674013137817383e-01 -9.114570021629333496e-01 -2.853535711765289307e-01
5.352676659822463989e-02 -3.330249786376953125e-01 1.588149964809417725e-01
-1.929890364408493042e-02 7.302468419075012207e-01 -2.707341611385345459e-01
-1.026831790804862976e-01 -4.686074797064065933e-03 -1.132231652736663818e-01
-1.296674013137817383e-01 -9.114570021629333496e-01 -2.853535711765289307e-01
8.196821212768554688e-01 2.547674775123596191e-01 -3.687878549098968506e-01
5.944696068763732910e-01 2.780043780803680420e-01 -4.276387095451354980e-01
3.459817469120025635e-01 2.925291657447814941e-01 7.812494039535522461e-01
-7.263655662536621094e-01 2.316837012767791748e-01 1.903541386127471924e-01
3.837199807167053223e-01 2.654847204685211182e-01 7.635084390640258789e-01
7.424609661102294922e-01 2.396402657032012939e-01 -3.888190388679504395e-01
2.067310512065887451e-01 -9.277229309082031250e-01 1.190225780010223389e-01
-1.554505228996276855e-01 -2.936182022094726562e-01 8.991213887929916382e-02
1.012653410434722900e-01 4.035222530364990234e-02 1.702699661254882812e-01
-1.296674013137817383e-01 -9.114570021629333496e-01 -2.853535711765289307e-01
5.227718353271484375e-01 2.390362471342086792e-01 3.582694828510284424e-01
-1.296674013137817383e-01 -9.114570021629333496e-01 -2.853535711765289307e-01
1.159077659249305725e-01 -9.537898898124694824e-01 -1.573750078678131104e-01
4.425634741783142090e-01 3.682993054389953613e-01 -4.502524137496948242e-01
-3.054323792457580566e-01 2.715431153774261475e-01 -7.790231704711914062e-01
2.513338327407836914e-01 -9.075666069984436035e-01 -1.591349691152572632e-01
-3.054323792457580566e-01 2.715431153774261475e-01 -7.790231704711914062e-01
-3.588939905166625977e-01 3.762722909450531006e-01 4.364105463027954102e-01
-1.296674013137817383e-01 -9.114570021629333496e-01 -2.853535711765289307e-01
8.196821212768554688e-01 2.547674775123596191e-01 -3.687878549098968506e-01
1.761919558048248291e-01 -1.414629071950912476e-01 -8.420548588037490845e-02
3.459817469120025635e-01 2.925291657447814941e-01 7.812494039535522461e-01
-3.100958764553070068e-01 -8.514235019683837891e-01 1.015973165631294250e-01
-3.054323792457580566e-01 2.715431153774261475e-01 -7.790231704711914062e-01
3.177908062934875488e-01 -8.847066164016723633e-01 -1.172811016440391541e-01
3.177908062934875488e-01 -8.847066164016723633e-01 -1.172811016440391541e-01
-1.296674013137817383e-01 -9.114570021629333496e-01 -2.853535711765289307e-01
3.459817469120025635e-01 2.925291657447814941e-01 7.812494039535522461e-01
3.837199807167053223e-01 2.654847204685211182e-01 7.635084390640258789e-01
3.177908062934875488e-01 -8.847066164016723633e-01 -1.172811016440391541e-01
3.837199807167053223e-01 2.654847204685211182e-01 7.635084390640258789e-01
9.630946069955825806e-02 1.274408102035522461e-01 9.587166458368301392e-02
4.059047400951385498e-01 2.422942221164703369e-01 -5.128202438354492188e-01
-1.145013123750686646e-01 4.781873226165771484e-01 4.016075432300567627e-01
-1.723660230636596680e-01 -8.823482394218444824e-01 -2.553867697715759277e-01
3.459817469120025635e-01 2.925291657447814941e-01 7.812494039535522461e-01
-2.096405327320098877e-01 -8.536941558122634888e-02 9.379083663225173950e-02
-1.296674013137817383e-01 -9.114570021629333496e-01 -2.853535711765289307e-01
-1.296674013137817383e-01 -9.114570021629333496e-01 -2.853535711765289307e-01
3.459817469120025635e-01 2.925291657447814941e-01 7.812494039535522461e-01
5.576423406600952148e-01 4.655778706073760986e-01 -2.874080240726470947e-01
8.196821212768554688e-01 2.547674775123596191e-01 -3.687878549098968506e-01
2.909448742866516113e-01 -8.413721323013305664e-01 -1.878076791763305664e-01
1.890942081809043884e-02 1.018159866333007812e+00 4.389096051454544067e-02
2.538717165589332581e-02 -8.444533944129943848e-01 3.157071769237518311e-01
2.257339656352996826e-02 -1.318882256746292114e-01 2.062897831201553345e-01
5.975756645202636719e-01 3.331816196441650391e-01 8.635166287422180176e-02
5.239992737770080566e-01 4.814980626106262207e-01 -1.509490907192230225e-01
2.538717165589332581e-02 -8.444533944129943848e-01 3.157071769237518311e-01
1.583047062158584595e-01 -3.958454728126525879e-01 -6.429623812437057495e-02
-6.097701564431190491e-02 2.887860536575317383e-01 6.491835117340087891e-01
1.159077659249305725e-01 -9.537898898124694824e-01 -1.573750078678131104e-01
2.987558543682098389e-01 -8.802583217620849609e-01 7.260912656784057617e-02
3.459817469120025635e-01 2.925291657447814941e-01 7.812494039535522461e-01
2.513338327407836914e-01 -9.075666069984436035e-01 -1.591349691152572632e-01
2.257339656352996826e-02 -1.318882256746292114e-01 2.062897831201553345e-01
3.177908062934875488e-01 -8.847066164016723633e-01 -1.172811016440391541e-01
-4.939524829387664795e-01 2.617494165897369385e-01 -5.094140172004699707e-01
2.538717165589332581e-02 -8.444533944129943848e-01 3.157071769237518311e-01
1.947747170925140381e-01 -8.611575365066528320e-01 2.941834330558776855e-01
3.459817469120025635e-01 2.925291657447814941e-01 7.812494039535522461e-01
3.177908062934875488e-01 -8.847066164016723633e-01 -1.172811016440391541e-01
-6.202210187911987305e-01 2.548387050628662109e-01 -1.617254316806793213e-01
-3.100958764553070068e-01 -8.514235019683837891e-01 1.015973165631294250e-01
1.062344014644622803e-01 -3.551137149333953857e-01 1.785252690315246582e-01
1.159077659249305725e-01 -9.537898898124694824e-01 -1.573750078678131104e-01
1.947747170925140381e-01 -8.611575365066528320e-01 2.941834330558776855e-01
9.349979460239410400e-02 -1.932745277881622314e-01 1.651786118745803833e-01
-1.765094399452209473e-01 -9.045670926570892334e-02 2.176154032349586487e-02
-3.054323792457580566e-01 2.715431153774261475e-01 -7.790231704711914062e-01
-1.730098016560077667e-02 3.211542367935180664e-01 -2.542230859398841858e-02
-3.169855177402496338e-01 4.841533303260803223e-01 -3.481002449989318848e-01
-5.891157686710357666e-02 1.010465025901794434e+00 -1.226843986660242081e-02
-3.054323792457580566e-01 2.715431153774261475e-01 -7.790231704711914062e-01
-1.521501243114471436e-01 6.937812566757202148e-01 -3.620082139968872070e-01
5.381961166858673096e-02 -9.176231622695922852e-01 1.147243529558181763e-01
1.159077659249305725e-01 -9.537898898124694824e-01 -1.573750078678131104e-01
-1.704783588647842407e-01 8.019846677780151367e-01 2.342346496880054474e-02
-4.939524829387664795e-01 2.617494165897369385e-01 -5.094140172004699707e-01
3.837199807167053223e-01 2.654847204685211182e-01 7.635084390640258789e-01
1.890942081809043884e-02 1.018159866333007812e+00 4.389096051454544067e-02
2.067310512065887451e-01 -9.277229309082031250e-01 1.190225780010223389e-01
2.513338327407836914e-01 -9.075666069984436035e-01 -1.591349691152572632e-01
1.695890575647354126e-01 4.046610295772552490e-01 6.504319310188293457e-01
-3.054323792457580566e-01 2.715431153774261475e-01 -7.790231704711914062e-01
-6.406506150960922241e-02 -9.099434614181518555e-01 2.347141355276107788e-01
3.459817469120025635e-01 2.925291657447814941e-01 7.812494039535522461e-01
-1.095285341143608093e-01 -8.409889936447143555e-01 -3.307256996631622314e-01
-3.054323792457580566e-01 2.715431153774261475e-01 -7.790231704711914062e-01
1.947747170925140381e-01 -8.611575365066528320e-01 2.941834330558776855e-01
1.947747170925140381e-01 -8.611575365066528320e-01 2.941834330558776855e-01
-2.963911592960357666e-01 2.628771662712097168e-01 -7.687026858329772949e-01
1.947747170925140381e-01 -8.611575365066528320e-01 2.941834330558776855e-01
8.196821212768554688e-01 2.547674775123596191e-01 -3.687878549098968506e-01
-1.046991571784019470e-01 -2.325678169727325439e-01 -1.628940850496292114e-01
3.837199807167053223e-01 2.654847204685211182e-01 7.635084390640258789e-01
1.159077659249305725e-01 -9.537898898124694824e-01 -1.573750078678131104e-01
1.686348319053649902e-01 2.376546263694763184e-01 7.167943120002746582e-01
1.159077659249305725e-01 -9.537898898124694824e-01 -1.573750078678131104e-01
-2.675243020057678223e-01 -8.493071198463439941e-01 1.825208663940429688e-01
-3.701264262199401855e-01 6.088433265686035156e-01 -1.006506010890007019e-01
1.159077659249305725e-01 -9.537898898124694824e-01 -1.573750078678131104e-01
3.837199807167053223e-01 2.654847204685211182e-01 7.635084390640258789e-01
-1.723660230636596680e-01 -8.823482394218444824e-01 -2.553867697715759277e-01
1.686348319053649902e-01 2.376546263694763184e-01 7.167943120002746582e-01
-5.264309644699096680e-01 2.649937868118286133e-01 -3.940774202346801758e-01
-5.052974820137023926e-02 2.700358629226684570e-01 6.695876717567443848e-01
-2.653923630714416504e-01 2.792452573776245117e-01 5.249023437500000000e-01
-1.369554549455642700e-01 1.158832758665084839e-01 -5.528356879949569702e-02
1.890942081809043884e-02 1.018159866333007812e+00 4.389096051454544067e-02
1.159077659249305725e-01 -9.537898898124694824e-01 -1.573750078678131104e-01
3.837199807167053223e-01 2.654847204685211182e-01 7.635084390640258789e-01
4.059047400951385498e-01 2.422942221164703369e-01 -5.128202438354492188e-01
3.177908062934875488e-01 -8.847066164016723633e-01 -1.172811016440391541e-01
2.067310512065887451e-01 -9.277229309082031250e-01 1.190225780010223389e-01
4.059047400951385498e-01 2.422942221164703369e-01 -5.128202438354492188e-01
2.257339656352996826e-02 -1.318882256746292114e-01 2.062897831201553345e-01
-6.805672645568847656e-01 3.074129819869995117e-01 1.266322135925292969e-01
-3.054323792457580566e-01 2.715431153774261475e-01 -7.790231704711914062e-01
-1.572375148534774780e-01 -1.623451709747314453e-01 1.257813870906829834e-01
-5.906134247779846191e-01 3.105139136314392090e-01 4.095039367675781250e-01
-5.906134247779846191e-01 3.105139136314392090e-01 4.095039367675781250e-01
-1.296674013137817383e-01 -9.114570021629333496e-01 -2.853535711765289307e-01
3.837199807167053223e-01 2.654847204685211182e-01 7.635084390640258789e-01
3.128219246864318848e-01 5.398011803627014160e-01 4.418106079101562500e-01
1.947747170925140381e-01 -8.611575365066528320e-01 2.941834330558776855e-01
-3.054323792457580566e-01 2.715431153774261475e-01 -7.790231704711914062e-01
1.947747170925140381e-01 -8.611575365066528320e-01 2.941834330558776855e-01
1.890942081809043884e-02 1.018159866333007812e+00 4.389096051454544067e-02
3.128219246864318848e-01 5.398011803627014160e-01 4.418106079101562500e-01
-1.765094399452209473e-01 -9.045670926570892334e-02 2.176154032349586487e-02
2.987558543682098389e-01 -8.802583217620849609e-01 7.260912656784057617e-02
4.059047400951385498e-01 2.422942221164703369e-01 -5.128202438354492188e-01
8.134371638298034668e-01 2.746085226535797119e-01 -3.661752343177795410e-01
4.060259461402893066e-01 2.426286935806274414e-01 6.683725118637084961e-01
-7.252005934715270996e-01 3.661082684993743896e-01 3.310562968254089355e-01
1.371481865644454956e-01 2.399332672357559204e-01 -5.844298601150512695e-01
-2.096405327320098877e-01 -8.536941558122634888e-02 9.379083663225173950e-02
-6.944217085838317871e-01 2.678025364875793457e-01 3.354727327823638916e-01
3.837199807167053223e-01 2.654847204685211182e-01 7.635084390640258789e-01
-1.296674013137817383e-01 -9.114570021629333496e-01 -2.853535711765289307e-01
8.196821212768554688e-01 2.547674775123596191e-01 -3.687878549098968506e-01
6.036851406097412109e-01 2.365053892135620117e-01 1.789005994796752930e-01
-6.954954266548156738e-01 2.722077965736389160e-01 9.505584090948104858e-02
3.459817469120025635e-01 2.925291657447814941e-01 7.812494039535522461e-01
-1.531553864479064941e-01 -7.566966116428375244e-02 1.022253930568695068e-01
1.947747170925140381e-01 -8.611575365066528320e-01 2.941834330558776855e-01
3.177908062934875488e-01 -8.847066164016723633e-01 -1.172811016440391541e-01
-9.771371632814407349e-02 1.659601777791976929e-01 -2.277277223765850067e-02
-5.949359536170959473e-01 4.673212170600891113e-01 2.869530022144317627e-01
-1.723660230636596680e-01 -8.823482394218444824e-01 -2.553867697715759277e-01
-3.100958764553070068e-01 -8.514235019683837891e-01 1.015973165631294250e-01
-1.830302774906158447e-01 -9.134381413459777832e-01 1.157026886940002441e-01
-5.906134247779846191e-01 3.105139136314392090e-01 4.095039367675781250e-01
-5.052974820137023926e-02 2.700358629226684570e-01 6.695876717567443848e-01
8.134371638298034668e-01 2.746085226535797119e-01 -3.661752343177795410e-01
5.381961166858673096e-02 -9.176231622695922852e-01 1.147243529558181763e-01
-3.100958764553070068e-01 -8.514235019683837891e-01 1.015973165631294250e-01
7.264772653579711914e-01 2.177488654851913452e-01 -1.213088110089302063e-01
1.984946131706237793e-01 1.088020205497741699e-01 -6.732224952429533005e-03
2.933427989482879639e-01 6.935303807258605957e-01 -1.482547074556350708e-01
3.177908062934875488e-01 -8.847066164016723633e-01 -1.172811016440391541e-01
1.159077659249305725e-01 -9.537898898124694824e-01 -1.573750078678131104e-01
-1.296674013137817383e-01 -9.114570021629333496e-01 -2.853535711765289307e-01
-3.054323792457580566e-01 2.715431153774261475e-01 -7.790231704711914062e-01
4.059047400951385498e-01 2.422942221164703369e-01 -5.128202438354492188e-01
3.459817469120025635e-01 2.925291657447814941e-01 7.812494039535522461e-01
-3.651993349194526672e-02 -2.850714623928070068e-01 -2.242481708526611328e-01
-6.476984620094299316e-01 2.470307499170303345e-01 8.594061434268951416e-02
3.459817469120025635e-01 2.925291657447814941e-01 7.812494039535522461e-01
3.459817469120025635e-01 2.925291657447814941e-01 7.812494039535522461e-01
-2.963911592960357666e-01 2.628771662712097168e-01 -7.687026858329772949e-01
3.177908062934875488e-01 -8.847066164016723633e-01 -1.172811016440391541e-01
2.524196803569793701e-01 -9.102272391319274902e-01 -8.078001439571380615e-02
7.424609661102294922e-01 2.396402657032012939e-01 -3.888190388679504395e-01
-4.616762101650238037e-01 5.415601730346679688e-01 1.689470410346984863e-01
1.458548009395599365e-01 8.580011725425720215e-01 1.183757260441780090e-01
1.303077489137649536e-01 -8.980423808097839355e-01 2.439810633659362793e-01
1.947747170925140381e-01 -8.611575365066528320e-01 2.941834330558776855e-01
2.067310512065887451e-01 -9.277229309082031250e-01 1.190225780010223389e-01
7.404174208641052246e-01 2.701665163040161133e-01 -2.135139852762222290e-01
3.459817469120025635e-01 2.925291657447814941e-01 7.812494039535522461e-01
3.837199807167053223e-01 2.654847204685211182e-01 7.635084390640258789e-01
1.947747170925140381e-01 -8.611575365066528320e-01 2.941834330558776855e-01
3.177908062934875488e-01 -8.847066164016723633e-01 -1.172811016440391541e-01
-2.519305348396301270e-01 -9.007589221000671387e-01 -2.402373403310775757e-02
1.159077659249305725e-01 -9.537898898124694824e-01 -1.573750078678131104e-01
-3.054323792457580566e-01 2.715431153774261475e-01 -7.790231704711914062e-01
-2.005100548267364502e-01 -3.446482717990875244e-01 3.102377429604530334e-02
1.947747170925140381e-01 -8.611575365066528320e-01 2.941834330558776855e-01
7.230147123336791992e-01 2.392257601022720337e-01 -2.288294434547424316e-01
-2.963911592960357666e-01 2.628771662712097168e-01 -7.687026858329772949e-01
9.071796387434005737e-02 -2.046700865030288696e-01 2.118598520755767822e-01
-1.480114609003067017e-01 -8.897882699966430664e-01 -2.874469757080078125e-01
-3.070428073406219482e-01 3.209412097930908203e-01 -7.465976476669311523e-01
-1.296674013137817383e-01 -9.114570021629333496e-01 -2.853535711765289307e-01
-3.054323792457580566e-01 2.715431153774261475e-01 -7.790231704711914062e-01
6.250153779983520508e-01 2.492072880268096924e-01 3.866069391369819641e-02
1.890942081809043884e-02 1.018159866333007812e+00 4.389096051454544067e-02
-1.296674013137817383e-01 -9.114570021629333496e-01 -2.853535711765289307e-01
-1.296674013137817383e-01 -9.114570021629333496e-01 -2.853535711765289307e-01
-2.519305348396301270e-01 -9.007589221000671387e-01 -2.402373403310775757e-02
3.837199807167053223e-01 2.654847204685211182e-01 7.635084390640258789e-01
-2.991267144680023193e-01 7.838584184646606445e-01 1.235721409320831299e-01
4.059047400951385498e-01 2.422942221164703369e-01 -5.128202438354492188e-01
3.177908062934875488e-01 -8.847066164016723633e-01 -1.172811016440391541e-01
3.267202759161591530e-03 -8.504118919372558594e-01 -3.059746921062469482e-01
-1.296674013137817383e-01 -9.114570021629333496e-01 -2.853535711765289307e-01
8.196821212768554688e-01 2.547674775123596191e-01 -3.687878549098968506e-01
-1.023731082677841187e-01 6.686221957206726074e-01 2.871373295783996582e-01
4.059047400951385498e-01 2.422942221164703369e-01 -5.128202438354492188e-01
1.101484224200248718e-01 3.111871480941772461e-01 -6.100383400917053223e-01
-3.054323792457580566e-01 2.715431153774261475e-01 -7.790231704711914062e-01
1.947747170925140381e-01 -8.611575365066528320e-01 2.941834330558776855e-01
2.182297408580780029e-01 1.865471303462982178e-01 -6.909271329641342163e-02
-4.284158721566200256e-02 -1.485254615545272827e-01 -1.931660324335098267e-01
3.459817469120025635e-01 2.925291657447814941e-01 7.812494039535522461e-01
-4.025462567806243896e-01 2.796523272991180420e-01 -6.457861661911010742e-01
-2.675243020057678223e-01 -8.493071198463439941e-01 1.825208663940429688e-01
5.665220618247985840e-01 5.086044669151306152e-01 -2.244095504283905029e-01
-1.480114609003067017e-01 -8.897882699966430664e-01 -2.874469757080078125e-01
2.067310512065887451e-01 -9.277229309082031250e-01 1.190225780010223389e-01
-3.100958764553070068e-01 -8.514235019683837891e-01 1.015973165631294250e-01
2.067310512065887451e-01 -9.277229309082031250e-01 1.190225780010223389e-01
1.890942081809043884e-02 1.018159866333007812e+00 4.389096051454544067e-02
3.177908062934875488e-01 -8.847066164016723633e-01 -1.172811016440391541e-01
-5.324424058198928833e-02 1.015649557113647461e+00 3.407853422686457634e-03
-7.395567297935485840e-01 2.889490425586700439e-01 2.952272891998291016e-01
-2.230614423751831055e-02 4.389693737030029297e-01 -5.629982948303222656e-01
1.399607658386230469e-01 -3.244216442108154297e-01 -5.274021625518798828e-02
4.042452666908502579e-03 9.985635280609130859e-01 -6.355888396501541138e-02
-5.324424058198928833e-02 1.015649557113647461e+00 3.407853422686457634e-03
-1.339205056428909302e-01 3.063166737556457520e-01 6.041150689125061035e-01
2.067310512065887451e-01 -9.277229309082031250e-01 1.190225780010223389e-01
2.909448742866516113e-01 -8.413721323013305664e-01 -1.878076791763305664e-01
-1.296674013137817383e-01 -9.114570021629333496e-01 -2.853535711765289307e-01
-5.031621828675270081e-02 7.746480870991945267e-03 -2.095520794391632080e-01
-6.202210187911987305e-01 2.548387050628662109e-01 -1.617254316806793213e-01
-3.651993349194526672e-02 -2.850714623928070068e-01 -2.242481708526611328e-01
-1.296674013137817383e-01 -9.114570021629333496e-01 -2.853535711765289307e-01
2.524196803569793701e-01 -9.102272391319274902e-01 -8.078001439571380615e-02
-3.054323792457580566e-01 2.715431153774261475e-01 -7.790231704711914062e-01
3.837199807167053223e-01 2.654847204685211182e-01 7.635084390640258789e-01
1.890942081809043884e-02 1.018159866333007812e+00 4.389096051454544067e-02
1.159077659249305725e-01 -9.537898898124694824e-01 -1.573750078678131104e-01
1.159077659249305725e-01 -9.537898898124694824e-01 -1.573750078678131104e-01
-2.673345506191253662e-01 4.805282354354858398e-01 -4.557310938835144043e-01
-1.296674013137817383e-01 -9.114570021629333496e-01 -2.853535711765289307e-01
1.327976435422897339e-01 7.965464591979980469e-01 2.390366047620773315e-01
1.947747170925140381e-01 -8.611575365066528320e-01 2.941834330558776855e-01
8.134371638298034668e-01 2.746085226535797119e-01 -3.661752343177795410e-01
1.947747170925140381e-01 -8.611575365066528320e-01 2.941834330558776855e-01
2.067310512065887451e-01 -9.277229309082031250e-01 1.190225780010223389e-01
2.067310512065887451e-01 -9.277229309082031250e-01 1.190225780010223389e-01
-1.296674013137817383e-01 -9.114570021629333496e-01 -2.853535711765289307e-01
2.513338327407836914e-01 -9.075666069984436035e-01 -1.591349691152572632e-01
2.550867386162281036e-02 2.966005913913249969e-02 2.281138114631175995e-02
1.159077659249305725e-01 -9.537898898124694824e-01 -1.573750078678131104e-01
-1.296674013137817383e-01 -9.114570021629333496e-01 -2.853535711765289307e-01
7.424609661102294922e-01 2.396402657032012939e-01 -3.888190388679504395e-01
1.159077659249305725e-01 -9.537898898124694824e-01 -1.573750078678131104e-01
-4.115619696676731110e-03 5.678162723779678345e-02 5.547070875763893127e-03
-1.157048866152763367e-01 9.056100249290466309e-01 -8.988508582115173340e-02
-1.296674013137817383e-01 -9.114570021629333496e-01 -2.853535711765289307e-01
4.382503032684326172e-02 7.975351810455322266e-01 2.187100946903228760e-01
3.837199807167053223e-01 2.654847204685211182e-01 7.635084390640258789e-01
-3.054323792457580566e-01 2.715431153774261475e-01 -7.790231704711914062e-01
-5.264309644699096680e-01 2.649937868118286133e-01 -3.940774202346801758e-01
3.177908062934875488e-01 -8.847066164016723633e-01 -1.172811016440391541e-01
-1.257719248533248901e-01 -6.876119226217269897e-02 5.544940382242202759e-02
3.459817469120025635e-01 2.925291657447814941e-01 7.812494039535522461e-01
-1.296674013137817383e-01 -9.114570021629333496e-01 -2.853535711765289307e-01
-2.991267144680023193e-01 7.838584184646606445e-01 1.235721409320831299e-01
3.459817469120025635e-01 2.925291657447814941e-01 7.812494039535522461e-01
1.159077659249305725e-01 -9.537898898124694824e-01 -1.573750078678131104e-01
3.177908062934875488e-01 -8.847066164016723633e-01 -1.172811016440391541e-01
4.703887999057769775e-01 3.574516475200653076e-01 3.164264559745788574e-01
-3.027891740202903748e-02 1.022575736045837402e+00 -1.785681210458278656e-02
1.947747170925140381e-01 -8.611575365066528320e-01 2.941834330558776855e-01
3.166496455669403076e-01 -8.188828229904174805e-01 -1.360137611627578735e-01
1.101484224200248718e-01 3.111871480941772461e-01 -6.100383400917053223e-01
1.947747170925140381e-01 -8.611575365066528320e-01 2.941834330558776855e-01
5.181946158409118652e-01 2.959023714065551758e-01 4.136405587196350098e-01
3.837199807167053223e-01 2.654847204685211182e-01 7.635084390640258789e-01
1.947747170925140381e-01 -8.611575365066528320e-01 2.941834330558776855e-01
6.509793549776077271e-02 -2.370078861713409424e-01 2.389837652444839478e-01
3.837199807167053223e-01 2.654847204685211182e-01 7.635084390640258789e-01
3.126061260700225830e-01 -8.386887311935424805e-01 -1.053214669227600098e-01
-2.519305348396301270e-01 -9.007589221000671387e-01 -2.402373403310775757e-02
-5.891157686710357666e-02 1.010465025901794434e+00 -1.226843986660242081e-02
-1.296674013137817383e-01 -9.114570021629333496e-01 -2.853535711765289307e-01
3.837199807167053223e-01 2.654847204685211182e-01 7.635084390640258789e-01
-3.070428073406219482e-01 3.209412097930908203e-01 -7.465976476669311523e-01
3.459817469120025635e-01 2.925291657447814941e-01 7.812494039535522461e-01
-3.054323792457580566e-01 2.715431153774261475e-01 -7.790231704711914062e-01
2.257339656352996826e-02 -1.318882256746292114e-01 2.062897831201553345e-01
1.890942081809043884e-02 1.018159866333007812e+00 4.389096051454544067e-02
2.067310512065887451e-01 -9.277229309082031250e-01 1.190225780010223389e-01
-3.054323792457580566e-01 2.715431153774261475e-01 -7.790231704711914062e-01
-1.095285341143608093e-01 -8.409889936447143555e-01 -3.307256996631622314e-01
1.091521084308624268e-01 -7.361295819282531738e-02 -6.712873280048370361e-02
-1.296674013137817383e-01 -9.114570021629333496e-01 -2.853535711765289307e-01
5.860836505889892578e-01 3.944002687931060791e-01 -3.057911396026611328e-01
-1.296674013137817383e-01 -9.114570021629333496e-01 -2.853535711765289307e-01
3.177908062934875488e-01 -8.847066164016723633e-01 -1.172811016440391541e-01
-1.296674013137817383e-01 -9.114570021629333496e-01 -2.853535711765289307e-01
1.947747170925140381e-01 -8.611575365066528320e-01 2.941834330558776855e-01
-1.095285341143608093e-01 -8.409889936447143555e-01 -3.307256996631622314e-01
3.837199807167053223e-01 2.654847204685211182e-01 7.635084390640258789e-01
8.134371638298034668e-01 2.746085226535797119e-01 -3.661752343177795410e-01
3.061391711235046387e-01 5.888984203338623047e-01 2.146461308002471924e-01
-3.054323792457580566e-01 2.715431153774261475e-01 -7.790231704711914062e-01
1.159077659249305725e-01 -9.537898898124694824e-01 -1.573750078678131104e-01
3.166496455669403076e-01 -8.188828229904174805e-01 -1.360137611627578735e-01
3.267202759161591530e-03 -8.504118919372558594e-01 -3.059746921062469482e-01
3.177908062934875488e-01 -8.847066164016723633e-01 -1.172811016440391541e-01
-3.054323792457580566e-01 2.715431153774261475e-01 -7.790231704711914062e-01
-6.944217085838317871e-01 2.678025364875793457e-01 3.354727327823638916e-01
1.159077659249305725e-01 -9.537898898124694824e-01 -1.573750078678131104e-01
3.459817469120025635e-01 2.925291657447814941e-01 7.812494039535522461e-01
5.944696068763732910e-01 2.780043780803680420e-01 -4.276387095451354980e-01
3.128219246864318848e-01 5.398011803627014160e-01 4.418106079101562500e-01
-2.313535362482070923e-01 3.970287442207336426e-01 -6.938170790672302246e-01
1.947747170925140381e-01 -8.611575365066528320e-01 2.941834330558776855e-01
-2.519305348396301270e-01 -9.007589221000671387e-01 -2.402373403310775757e-02
-1.480114609003067017e-01 -8.897882699966430664e-01 -2.874469757080078125e-01
2.513338327407836914e-01 -9.075666069984436035e-01 -1.591349691152572632e-01
-3.651993349194526672e-02 -2.850714623928070068e-01 -2.242481708526611328e-01
-6.406506150960922241e-02 -9.099434614181518555e-01 2.347141355276107788e-01
2.524196803569793701e-01 -9.102272391319274902e-01 -8.078001439571380615e-02
1.318578273057937622e-01 -1.015664916485548019e-02 -6.602417677640914917e-02
-1.095285341143608093e-01 -8.409889936447143555e-01 -3.307256996631622314e-01
2.067310512065887451e-01 -9.277229309082031250e-01 1.190225780010223389e-01
-1.023731082677841187e-01 6.686221957206726074e-01 2.871373295783996582e-01
3.177908062934875488e-01 -8.847066164016723633e-01 -1.172811016440391541e-01
3.267202759161591530e-03 -8.504118919372558594e-01 -3.059746921062469482e-01
1.159077659249305725e-01 -9.537898898124694824e-01 -1.573750078678131104e-01
3.459817469120025635e-01 2.925291657447814941e-01 7.812494039535522461e-01
1.890942081809043884e-02 1.018159866333007812e+00 4.389096051454544067e-02
-1.023731082677841187e-01 6.686221957206726074e-01 2.871373295783996582e-01
2.538717165589332581e-02 -8.444533944129943848e-01 3.157071769237518311e-01
3.459817469120025635e-01 2.925291657447814941e-01 7.812494039535522461e-01
2.513338327407836914e-01 -9.075666069984436035e-01 -1.591349691152572632e-01
2.909448742866516113e-01 -8.413721323013305664e-01 -1.878076791763305664e-01
3.459817469120025635e-01 2.925291657447814941e-01 7.812494039535522461e-01
3.459817469120025635e-01 2.925291657447814941e-01 7.812494039535522461e-01
5.803938508033752441e-01 2.838579118251800537e-01 1.740534156560897827e-01
1.947747170925140381e-01 -8.611575365066528320e-01 2.941834330558776855e-01
3.837199807167053223e-01 2.654847204685211182e-01 7.635084390640258789e-01
-4.939524829387664795e-01 2.617494165897369385e-01 -5.094140172004699707e-01
-1.838054507970809937e-01 -4.392391443252563477e-01 6.405326724052429199e-02
1.045970469713211060e-01 -2.868607342243194580e-01 1.532869637012481689e-01
-3.054323792457580566e-01 2.715431153774261475e-01 -7.790231704711914062e-01
1.890942081809043884e-02 1.018159866333007812e+00 4.389096051454544067e-02
-1.732891947031021118e-01 1.269110590219497681e-01 4.084902629256248474e-02
4.541589021682739258e-01 3.439258635044097900e-01 -4.073341488838195801e-01
3.459817469120025635e-01 2.925291657447814941e-01 7.812494039535522461e-01
3.080272674560546875e-01 7.464230060577392578e-01 -1.340641528367996216e-01
-1.434955745935440063e-01 3.689612150192260742e-01 -6.877701878547668457e-01
-1.296674013137817383e-01 -9.114570021629333496e-01 -2.853535711765289307e-01
3.459817469120025635e-01 2.925291657447814941e-01 7.812494039535522461e-01
3.837199807167053223e-01 2.654847204685211182e-01 7.635084390640258789e-01
3.177908062934875488e-01 -8.847066164016723633e-01 -1.172811016440391541e-01
8.196821212768554688e-01 2.547674775123596191e-01 -3.687878549098968506e-01
-1.339205056428909302e-01 3.063166737556457520e-01 6.041150689125061035e-01
3.177908062934875488e-01 -8.847066164016723633e-01 -1.172811016440391541e-01
3.837199807167053223e-01 2.654847204685211182e-01 7.635084390640258789e-01
-5.857422575354576111e-02 8.138726353645324707e-01 -2.313149869441986084e-01
-2.096405327320098877e-01 -8.536941558122634888e-02 9.379083663225173950e-02
-3.054323792457580566e-01 2.715431153774261475e-01 -7.790231704711914062e-01
-1.668338328599929810e-01 6.031488180160522461e-01 -4.797878563404083252e-01
1.159077659249305725e-01 -9.537898898124694824e-01 -1.573750078678131104e-01
3.459817469120025635e-01 2.925291657447814941e-01 7.812494039535522461e-01
3.837199807167053223e-01 2.654847204685211182e-01 7.635084390640258789e-01
8.196821212768554688e-01 2.547674775123596191e-01 -3.687878549098968506e-01
7.424609661102294922e-01 2.396402657032012939e-01 -3.888190388679504395e-01
-3.054323792457580566e-01 2.715431153774261475e-01 -7.790231704711914062e-01
3.459817469120025635e-01 2.925291657447814941e-01 7.812494039535522461e-01
-1.830302774906158447e-01 -9.134381413459777832e-01 1.157026886940002441e-01
1.703161932528018951e-02 -9.021617770195007324e-01 2.515468895435333252e-01
-1.095285341143608093e-01 -8.409889936447143555e-01 -3.307256996631622314e-01
3.837199807167053223e-01 2.654847204685211182e-01 7.635084390640258789e-01
1.695890575647354126e-01 4.046610295772552490e-01 6.504319310188293457e-01
1.890942081809043884e-02 1.018159866333007812e+00 4.389096051454544067e-02
-3.100958764553070068e-01 -8.514235019683837891e-01 1.015973165631294250e-01
1.890942081809043884e-02 1.018159866333007812e+00 4.389096051454544067e-02
5.146582126617431641e-01 3.691183924674987793e-01 1.371752023696899414e-01
-3.054323792457580566e-01 2.715431153774261475e-01 -7.790231704711914062e-01
-6.202210187911987305e-01 2.548387050628662109e-01 -1.617254316806793213e-01
-1.480114609003067017e-01 -8.897882699966430664e-01 -2.874469757080078125e-01
-1.830302774906158447e-01 -9.134381413459777832e-01 1.157026886940002441e-01
-3.052701950073242188e-01 3.983611762523651123e-01 -6.669704318046569824e-01
-3.054323792457580566e-01 2.715431153774261475e-01 -7.790231704711914062e-01
1.947747170925140381e-01 -8.611575365066528320e-01 2.941834330558776855e-01
1.051308400928974152e-02 5.645764246582984924e-02 -9.231233038008213043e-03
3.837199807167053223e-01 2.654847204685211182e-01 7.635084390640258789e-01
8.196821212768554688e-01 2.547674775123596191e-01 -3.687878549098968506e-01
3.177908062934875488e-01 -8.847066164016723633e-01 -1.172811016440391541e-01
-6.944217085838317871e-01 2.678025364875793457e-01 3.354727327823638916e-01
3.177908062934875488e-01 -8.847066164016723633e-01 -1.172811016440391541e-01
-3.052701950073242188e-01 3.983611762523651123e-01 -6.669704318046569824e-01
8.134371638298034668e-01 2.746085226535797119e-01 -3.661752343177795410e-01
-3.054323792457580566e-01 2.715431153774261475e-01 -7.790231704711914062e-01
3.959712684154510498e-01 5.761835575103759766e-01 -5.048310011625289917e-02
2.911319434642791748e-01 4.904639124870300293e-01 5.416387319564819336e-01
-6.202210187911987305e-01 2.548387050628662109e-01 -1.617254316806793213e-01
1.159077659249305725e-01 -9.537898898124694824e-01 -1.573750078678131104e-01
1.890942081809043884e-02 1.018159866333007812e+00 4.389096051454544067e-02
3.959712684154510498e-01 5.761835575103759766e-01 -5.048310011625289917e-02
-1.296674013137817383e-01 -9.114570021629333496e-01 -2.853535711765289307e-01
-3.054323792457580566e-01 2.715431153774261475e-01 -7.790231704711914062e-01
5.146582126617431641e-01 3.691183924674987793e-01 1.371752023696899414e-01
8.196821212768554688e-01 2.547674775123596191e-01 -3.687878549098968506e-01
-1.521501243114471436e-01 6.937812566757202148e-01 -3.620082139968872070e-01
-2.230614423751831055e-02 4.389693737030029297e-01 -5.629982948303222656e-01
3.459817469120025635e-01 2.925291657447814941e-01 7.812494039535522461e-01
5.766334012150764465e-02 8.880885690450668335e-02 -1.402827203273773193e-01
-1.296674013137817383e-01 -9.114570021629333496e-01 -2.853535711765289307e-01
3.177908062934875488e-01 -8.847066164016723633e-01 -1.172811016440391541e-01
1.159077659249305725e-01 -9.537898898124694824e-01 -1.573750078678131104e-01
3.177908062934875488e-01 -8.847066164016723633e-01 -1.172811016440391541e-01
-5.891157686710357666e-02 1.010465025901794434e+00 -1.226843986660242081e-02
3.920521736145019531e-01 3.139238953590393066e-01 -5.134053826332092285e-01
-1.296674013137817383e-01 -9.114570021629333496e-01 -2.853535711765289307e-01
-1.339205056428909302e-01 3.063166737556457520e-01 6.041150689125061035e-01
8.196821212768554688e-01 2.547674775123596191e-01 -3.687878549098968506e-01
1.947747170925140381e-01 -8.611575365066528320e-01 2.941834330558776855e-01
3.267202759161591530e-03 -8.504118919372558594e-01 -3.059746921062469482e-01
2.714422158896923065e-02 2.393503785133361816e-01 -6.696127653121948242e-01
2.714422158896923065e-02 2.393503785133361816e-01 -6.696127653121948242e-01
-9.925954043865203857e-02 8.193846940994262695e-01 -2.083740532398223877e-01
3.459817469120025635e-01 2.925291657447814941e-01 7.812494039535522461e-01
8.752734959125518799e-02 -5.953504517674446106e-02 1.541683673858642578e-01
-1.424824893474578857e-01 2.568346560001373291e-01 5.627409815788269043e-01
2.816390097141265869e-01 6.466921567916870117e-01 1.798521280288696289e-01
-3.500442504882812500e-01 4.245714843273162842e-01 3.560556471347808838e-01
3.177908062934875488e-01 -8.847066164016723633e-01 -1.172811016440391541e-01
-6.944217085838317871e-01 2.678025364875793457e-01 3.354727327823638916e-01
-2.519305348396301270e-01 -9.007589221000671387e-01 -2.402373403310775757e-02
-1.783921867609024048e-01 4.756270349025726318e-01 -5.759711861610412598e-01
2.458194643259048462e-01 3.053291141986846924e-01 -5.631170868873596191e-01
-6.064866855740547180e-02 8.807261288166046143e-02 1.463718563318252563e-01
1.947747170925140381e-01 -8.611575365066528320e-01 2.941834330558776855e-01
-4.939524829387664795e-01 2.617494165897369385e-01 -5.094140172004699707e-01
2.458194643259048462e-01 3.053291141986846924e-01 -5.631170868873596191e-01
1.544129196554422379e-02 4.387127161026000977e-01 7.670981436967849731e-02
-5.836872383952140808e-02 3.453230112791061401e-02 -1.421840339899063110e-01
8.678395301103591919e-02 -2.687779664993286133e-01 2.142165899276733398e-01
4.175747558474540710e-02 2.486561089754104614e-01 9.489263407886028290e-03
3.459817469120025635e-01 2.925291657447814941e-01 7.812494039535522461e-01
3.544994294643402100e-01 6.425247788429260254e-01 -2.424141764640808105e-01
3.459817469120025635e-01 2.925291657447814941e-01 7.812494039535522461e-01
3.267202759161591530e-03 -8.504118919372558594e-01 -3.059746921062469482e-01
-1.095285341143608093e-01 -8.409889936447143555e-01 -3.307256996631622314e-01
6.777468919754028320e-01 3.052915036678314209e-01 -1.426492333412170410e-01
-1.777780614793300629e-02 4.237557947635650635e-02 -4.004438593983650208e-02
3.336330652236938477e-01 3.646666705608367920e-01 6.913995146751403809e-01
-5.324424058198928833e-02 1.015649557113647461e+00 3.407853422686457634e-03
7.264772653579711914e-01 2.177488654851913452e-01 -1.213088110089302063e-01
3.837199807167053223e-01 2.654847204685211182e-01 7.635084390640258789e-01
2.714422158896923065e-02 2.393503785133361816e-01 -6.696127653121948242e-01
-1.026831790804862976e-01 -4.686074797064065933e-03 -1.132231652736663818e-01
3.459817469120025635e-01 2.925291657447814941e-01 7.812494039535522461e-01
4.425634741783142090e-01 3.682993054389953613e-01 -4.502524137496948242e-01
1.947747170925140381e-01 -8.611575365066528320e-01 2.941834330558776855e-01
-7.434123754501342773e-02 -2.224206477403640747e-01 -1.850947141647338867e-01
6.509793549776077271e-02 -2.370078861713409424e-01 2.389837652444839478e-01
-1.535650044679641724e-01 -2.364226430654525757e-01 1.197768598794937134e-01
4.703887999057769775e-01 3.574516475200653076e-01 3.164264559745788574e-01
4.060259461402893066e-01 2.426286935806274414e-01 6.683725118637084961e-01
8.196821212768554688e-01 2.547674775123596191e-01 -3.687878549098968506e-01
-3.054323792457580566e-01 2.715431153774261475e-01 -7.790231704711914062e-01
-3.054323792457580566e-01 2.715431153774261475e-01 -7.790231704711914062e-01
-3.946107327938079834e-01 3.310688138008117676e-01 4.665743708610534668e-01
-3.052701950073242188e-01 3.983611762523651123e-01 -6.669704318046569824e-01
8.196821212768554688e-01 2.547674775123596191e-01 -3.687878549098968506e-01
1.947747170925140381e-01 -8.611575365066528320e-01 2.941834330558776855e-01
-2.519305348396301270e-01 -9.007589221000671387e-01 -2.402373403310775757e-02
6.136460900306701660e-01 2.601032555103302002e-01 1.533538401126861572e-01
-4.939524829387664795e-01 2.617494165897369385e-01 -5.094140172004699707e-01
3.154191747307777405e-02 7.792966067790985107e-02 -1.533477455377578735e-01
-2.313535362482070923e-01 3.970287442207336426e-01 -6.938170790672302246e-01
-2.261935472488403320e-01 7.422079443931579590e-01 -1.060047671198844910e-01
-1.723660230636596680e-01 -8.823482394218444824e-01 -2.553867697715759277e-01
1.890942081809043884e-02 1.018159866333007812e+00 4.389096051454544067e-02
2.182297408580780029e-01 1.865471303462982178e-01 -6.909271329641342163e-02
-3.701264262199401855e-01 6.088433265686035156e-01 -1.006506010890007019e-01
-2.365974485874176025e-01 -8.759786486625671387e-01 1.531805545091629028e-01
-4.939524829387664795e-01 2.617494165897369385e-01 -5.094140172004699707e-01
7.264772653579711914e-01 2.177488654851913452e-01 -1.213088110089302063e-01
5.125384330749511719e-01 3.701009154319763184e-01 2.504162490367889404e-01
2.538717165589332581e-02 -8.444533944129943848e-01 3.157071769237518311e-01
6.509793549776077271e-02 -2.370078861713409424e-01 2.389837652444839478e-01
1.159077659249305725e-01 -9.537898898124694824e-01 -1.573750078678131104e-01
-1.296674013137817383e-01 -9.114570021629333496e-01 -2.853535711765289307e-01
-3.730021715164184570e-01 4.032194912433624268e-01 -4.986565113067626953e-01
-5.663237720727920532e-02 1.149319261312484741e-01 1.635036170482635498e-01
-1.095285341143608093e-01 -8.409889936447143555e-01 -3.307256996631622314e-01
